"Désignation éprouvette"	"S25D2"
"Temps"	"Force standard"	"Course standard"
"s"	"N"	"mm"
1,39457	7,20574	0
1,49458	7,20365	-2,80142e-06
1,59457	7,17234	-2,79662e-06
1,69457	7,19055	4,77303e-09
1,79457	7,21019	-2,80142e-06
1,89457	7,19049	-2,80142e-06
1,99458	7,18297	5,04899e-05
2,09457	7,19878	0,000159894
2,19457	7,21923	0,000305866
2,29457	7,20269	0,000499462
2,39457	7,19676	0,000763272
2,49458	7,22323	0,00108025
2,59457	7,2283	0,00141976
2,69457	7,22979	0,00181553
2,79457	7,23971	0,00227568
2,89457	7,2432	0,00275848
2,99458	7,22721	0,00326631
3,09457	7,2351	0,00376863
3,19457	7,24048	0,00425977
3,29457	7,24185	0,00476475
3,39457	7,25418	0,00525589
3,49458	7,29927	0,00575251
3,59457	7,31284	0,00626893
3,69457	7,36236	0,00675721
3,79457	7,40873	0,00726242
3,89457	7,44581	0,00775904
3,99458	7,51869	0,00825567
4,09457	7,56343	0,00877208
4,19457	7,61576	0,00926323
4,29457	7,66845	0,00976557
4,39457	7,69799	0,0102622
4,49458	7,76529	0,0107617
4,59457	7,82614	0,0112724
4,69457	7,86984	0,0117635
4,79457	7,92899	0,012263
4,89457	7,98329	0,0127682
4,99458	8,02351	0,0132565
5,09457	8,09025	0,0137755
5,19457	8,13102	0,0142667
5,29457	8,18038	0,014769
5,39457	8,2222	0,0152714
5,49458	8,27164	0,0157623
5,59457	8,31845	0,0162758
5,69457	8,36306	0,016767
5,79457	8,40624	0,0172636
5,89457	8,45677	0,0177717
5,99458	8,5009	0,0182628
6,09457	8,55943	0,0187735
6,19457	8,57402	0,019273
6,29457	8,62533	0,0197668
6,39457	8,67956	0,020272
6,49458	8,71541	0,0207631
6,59457	8,77022	0,0212738
6,69457	8,79631	0,0217704
6,79457	8,83855	0,0222616
6,89457	8,88378	0,0227694
6,99458	8,93283	0,0232577
7,09457	8,97851	0,0237686
7,19457	9,01698	0,0242707
7,29457	9,0709	0,024759
7,39457	9,11402	0,0252671
7,49458	9,13624	0,0257608
7,59457	9,19523	0,0262689
7,69457	9,23217	0,0267739
7,79457	9,27748	0,0272622
7,89457	9,32086	0,0277616
7,99458	9,39234	0,0282557
8,09457	9,42213	0,0287607
8,19457	9,49499	0,0292743
8,29457	9,55343	0,0297626
8,39457	9,61161	0,0302649
8,49458	9,67038	0,0307589
8,59457	9,72167	0,031261
8,69457	9,77965	0,0317746
8,79457	9,8058	0,0322629
8,89457	9,90866	0,0327681
8,99458	10,0063	0,0332618
9,09457	10,056	0,0337616
9,19457	10,1469	0,0342749
9,29457	10,1865	0,0347631
9,39457	10,2698	0,0352684
9,49458	10,3283	0,0357678
9,59457	10,382	0,0362618
9,69457	10,4565	0,036778
9,79457	10,4878	0,0372663
9,89457	10,5743	0,0377687
9,99458	10,6343	0,038271
10,0946	10,7032	0,0387593
10,1946	10,7536	0,0392728
10,2946	10,8401	0,0397668
10,3946	10,8773	0,0402635
10,4946	10,9438	0,0407713
10,5946	10,9992	0,0412624
10,6946	11,0579	0,0417731
10,7946	11,1106	0,04227
10,8946	11,1755	0,0427638
10,9946	11,2406	0,043269
11,0946	11,2952	0,0437627
11,1946	11,3636	0,0442708
11,2946	11,4186	0,0447703
11,3946	11,4783	0,0452641
11,4946	11,5685	0,0457721
11,5946	11,6238	0,046263
11,6946	11,6943	0,0467711
11,7946	11,7639	0,0472734
11,8946	11,8474	0,0477589
11,9946	11,8808	0,0482667
12,0946	11,9839	0,0487607
12,1946	12,0437	0,0492685
12,2946	12,1198	0,0497737
12,3946	12,1556	0,0502563
12,4946	12,2531	0,0507644
12,5946	12,3269	0,0512553
12,6946	12,387	0,0517576
12,7946	12,4515	0,0522712
12,8946	12,5343	0,0527595
12,9946	12,5774	0,0532675
13,0946	12,6635	0,0537615
13,1946	12,6862	0,0542636
13,2946	12,7652	0,0547688
13,3946	12,8341	0,0552628
13,4946	12,8924	0,0557649
13,5946	12,9517	0,0562644
13,6946	13,0122	0,0567612
13,7946	13,0861	0,0572748
13,8946	13,1806	0,0577657
13,9946	13,2672	0,0582654
14,0946	13,2802	0,058762
14,1946	13,3745	0,0592587
14,2946	13,4535	0,0597779
14,3946	13,507	0,0602688
14,4946	13,593	0,0607683
14,5946	13,6704	0,0612707
14,6946	13,7306	0,0617618
14,7946	13,8053	0,0622754
14,8946	13,902	0,0627665
14,9946	13,9297	0,063266
15,0946	14,0071	0,063771
15,1946	14,0981	0,0642566
15,2946	14,1779	0,0647757
15,3946	14,2555	0,0652697
15,4946	14,3094	0,0657634
15,5946	14,4041	0,0662687
15,6946	14,4781	0,0667624
15,7946	14,5453	0,0672733
15,8946	14,6127	0,0677728
15,9946	14,6715	0,0682637
16,0946	14,7458	0,0687689
16,1946	14,8138	0,0692572
16,2946	14,8797	0,0697679
16,3946	14,9471	0,0702731
16,4946	15,0269	0,0707557
16,5946	15,0849	0,0712664
16,6946	15,1371	0,0717604
16,7946	15,2145	0,0722682
16,8946	15,2783	0,0727734
16,9946	15,3411	0,073256
17,0946	15,4015	0,0737669
17,1946	15,4675	0,0742552
17,2946	15,544	0,0747573
17,3946	15,609	0,0752737
17,4946	15,6648	0,075762
17,5946	15,7287	0,0762672
17,6946	15,7858	0,076761
17,7946	15,8729	0,0772605
17,8946	15,9445	0,077774
17,9946	16,0089	0,0782623
18,0946	16,0942	0,0787702
18,1946	16,1761	0,0792642
18,2946	16,2486	0,0797608
18,3946	16,3215	0,0802744
18,4946	16,3921	0,0807655
18,5946	16,4538	0,0812679
18,6946	16,5456	0,0817674
18,7946	16,597	0,0822614
18,8946	16,6636	0,0827775
18,9946	16,7307	0,0832658
19,0946	16,7976	0,083771
19,1946	16,8618	0,0842705
19,2946	16,9402	0,0847643
19,3946	17,0064	0,0852752
19,4946	17,0677	0,0857661
19,5946	17,1346	0,0862656
19,6946	17,1911	0,0867737
19,7946	17,2507	0,087262
19,8946	17,3025	0,0877755
19,9946	17,3597	0,0882666
20,0946	17,4529	0,0887661
20,1946	17,4804	0,0892711
20,2946	17,5618	0,0897651
20,3946	17,6405	0,0902758
20,4946	17,7166	0,0907724
20,5946	17,7886	0,0912636
20,6946	17,8744	0,0917714
20,7946	17,9445	0,0922597
20,8946	18,0308	0,0927732
20,9946	18,1004	0,0932701
21,0946	18,174	0,0937584
21,1946	18,2422	0,0942662
21,2946	18,275	0,0947602
21,3946	18,3571	0,0952709
21,4946	18,4235	0,0957733
21,5946	18,4826	0,0962587
21,6946	18,5596	0,0967636
21,7946	18,6388	0,0972548
21,8946	18,6946	0,09776
21,9946	18,7429	0,0982736
22,0946	18,809	0,0987647
22,1946	18,89	0,0992668
22,2946	18,9431	0,0997608
22,3946	19,0165	0,10026
22,4946	19,0788	0,100774
22,5946	19,1445	0,101265
22,6946	19,1998	0,10177
22,7946	19,2691	0,102264
22,8946	19,3151	0,102763
22,9946	19,3909	0,103277
23,0946	19,4436	0,103765
23,1946	19,5069	0,104268
23,2946	19,5709	0,104767
23,3946	19,6386	0,105261
23,4946	19,715	0,105777
23,5946	19,7905	0,106268
23,6946	19,8567	0,106768
23,7946	19,9115	0,107273
23,8946	19,9915	0,107764
23,9946	20,057	0,108278
24,0946	20,1104	0,108763
24,1946	20,2001	0,109268
24,2946	20,2826	0,109773
24,3946	20,3447	0,110262
24,4946	20,425	0,110775
24,5946	20,4751	0,111269
24,6946	20,5491	0,111766
24,7946	20,6297	0,112268
24,8946	20,6985	0,112762
24,9946	20,7616	0,113275
25,0946	20,8513	0,113769
25,1946	20,8929	0,114263
25,2946	20,9501	0,114771
25,3946	21,0227	0,115262
25,4946	21,0939	0,115773
25,5946	21,1665	0,116267
25,6946	21,2075	0,116758
25,7946	21,2719	0,117269
25,8946	21,3196	0,11776
25,9946	21,4168	0,118271
26,0946	21,484	0,118773
26,1946	21,5487	0,119258
26,2946	21,6281	0,119764
26,3946	21,7073	0,120257
26,4946	21,761	0,12076
26,5946	21,8503	0,12127
26,6946	21,9353	0,121762
26,7946	22,0088	0,122269
26,8946	22,0833	0,12276
26,9946	22,1499	0,123263
27,0946	22,2308	0,123774
27,1946	22,2897	0,124262
27,2946	22,358	0,12477
27,3946	22,4249	0,125264
27,4946	22,4919	0,125763
27,5946	22,5565	0,126277
27,6946	22,6291	0,126765
27,7946	22,7083	0,12727
27,8946	22,7672	0,127767
27,9946	22,8305	0,128263
28,0946	22,9137	0,128783
28,1946	22,9824	0,129271
28,2946	23,0331	0,12977
28,3946	23,1118	0,13027
28,4946	23,171	0,130761
28,5946	23,2256	0,131275
28,6946	23,2927	0,131766
28,7946	23,3789	0,132268
28,8946	23,4258	0,13277
28,9946	23,4959	0,133261
29,0946	23,5587	0,133778
29,1946	23,6534	0,134266
29,2946	23,7066	0,134763
29,3946	23,789	0,135268
29,4946	23,8622	0,135762
29,5946	23,9155	0,136275
29,6946	23,9842	0,136766
29,7946	24,0713	0,137266
29,8946	24,1356	0,137771
29,9946	24,1932	0,138262
30,0946	24,2889	0,138773
30,1946	24,3536	0,13927
30,2946	24,4059	0,139758
30,3946	24,496	0,140266
30,4946	24,5541	0,14076
30,5946	24,6364	0,141268
30,6946	24,713	0,141773
30,7946	24,7644	0,142258
30,8946	24,8296	0,142766
30,9946	24,8833	0,143254
31,0946	24,9498	0,143759
31,1946	25,0121	0,144267
31,2946	25,078	0,144761
31,3946	25,1327	0,145266
31,4946	25,2051	0,14576
31,5946	25,2538	0,146263
31,6946	25,3229	0,146773
31,7946	25,3909	0,147264
31,8946	25,4325	0,147769
31,9946	25,5241	0,148263
32,0946	25,5857	0,14876
32,1946	25,6656	0,149274
32,2946	25,7199	0,149765
32,3946	25,8133	0,150267
32,4946	25,8854	0,150764
32,5946	25,975	0,15126
32,6946	26,0608	0,151777
32,7946	26,1401	0,152268
32,8946	26,2083	0,15277
32,9946	26,3105	0,15327
33,0946	26,3621	0,153763
33,1946	26,4368	0,154274
33,2946	26,5121	0,154765
33,3946	26,5894	0,155268
33,4946	26,6312	0,155773
33,5946	26,7167	0,156261
33,6946	26,7987	0,156777
33,7946	26,8655	0,157266
33,8946	26,9217	0,157762
33,9946	27,0008	0,158267
34,0946	27,034	0,158761
34,1946	27,1169	0,159275
34,2946	27,1753	0,159772
34,3946	27,2632	0,160263
34,4946	27,3233	0,160771
34,5946	27,383	0,161256
34,6946	27,4541	0,16177
34,7946	27,5188	0,162272
34,8946	27,5995	0,16276
34,9946	27,6548	0,163268
35,0946	27,7377	0,163757
35,1946	27,8243	0,16427
35,2946	27,881	0,164772
35,3946	27,9686	0,165258
35,4946	28,0585	0,165763
35,5946	28,1012	0,166251
35,6946	28,1677	0,166762
35,7946	28,2541	0,167273
35,8946	28,3276	0,167761
35,9946	28,4097	0,168266
36,0946	28,5167	0,168757
36,1946	28,567	0,169265
36,2946	28,6434	0,169773
36,3946	28,7053	0,170264
36,4946	28,7829	0,170769
36,5946	28,8359	0,17126
36,6946	28,9196	0,17176
36,7946	28,9949	0,172276
36,8946	29,0494	0,172764
36,9946	29,1116	0,173269
37,0946	29,1936	0,173766
37,1946	29,2405	0,174263
37,2946	29,3102	0,174777
37,3946	29,3822	0,175265
37,4946	29,4683	0,17577
37,5946	29,526	0,176269
37,6946	29,603	0,176763
37,7946	29,6648	0,177277
37,8946	29,7518	0,177765
37,9946	29,8265	0,178267
38,0946	29,8977	0,17877
38,1946	29,9787	0,179258
38,2946	30,0712	0,179777
38,3946	30,1521	0,180271
38,4946	30,2419	0,180765
38,5946	30,3213	0,181267
38,6946	30,394	0,181761
38,7946	30,4593	0,182275
38,8946	30,5376	0,182769
38,9946	30,6226	0,183265
39,0946	30,6837	0,183768
39,1946	30,7312	0,184262
39,2946	30,8039	0,184769
39,3946	30,8602	0,185266
39,4946	30,9416	0,18576
39,5946	30,993	0,186268
39,6946	31,056	0,186762
39,7946	31,1184	0,187267
39,8946	31,2095	0,187769
39,9946	31,2625	0,188258
40,0946	31,3377	0,188763
40,1946	31,3918	0,189254
40,2946	31,4712	0,189762
40,3946	31,5577	0,19027
40,4946	31,6279	0,190761
40,5946	31,6876	0,191269
40,6946	31,7933	0,191757
40,7946	31,8487	0,192265
40,8946	31,9337	0,192773
40,9946	32,0015	0,193261
41,0946	32,0731	0,193769
41,1946	32,1408	0,194263
41,2946	32,2034	0,194762
41,3946	32,3011	0,195276
41,4946	32,3654	0,195764
41,5946	32,4449	0,196269
41,6946	32,528	0,196766
41,7946	32,6031	0,197263
41,8946	32,6983	0,197776
41,9946	32,7599	0,19827
42,0946	32,8306	0,19877
42,1946	32,8938	0,199269
42,2946	32,9715	0,199763
42,3946	33,0374	0,200274
42,4946	33,0957	0,200765
42,5946	33,1516	0,201267
42,6946	33,2378	0,201769
42,7946	33,289	0,202261
42,8946	33,3605	0,202777
42,9946	33,4231	0,203265
43,0946	33,4766	0,203768
43,1946	33,5482	0,204267
43,2946	33,619	0,204761
43,3946	33,7069	0,205274
43,4946	33,7964	0,205771
43,5946	33,847	0,206265
43,6946	33,9436	0,206767
43,7946	34,0418	0,207259
43,8946	34,1265	0,207772
43,9946	34,2056	0,208266
44,0946	34,2765	0,208762
44,1946	34,3492	0,209268
44,2946	34,425	0,209762
44,3946	34,5037	0,21027
44,4946	34,5752	0,210769
44,5946	34,6604	0,211254
44,6946	34,7278	0,211765
44,7946	34,7871	0,212251
44,8946	34,8941	0,212761
44,9946	34,9515	0,213272
45,0946	35,0186	0,213758
45,1946	35,0858	0,214266
45,2946	35,1537	0,214759
45,3946	35,2173	0,215265
45,4946	35,295	0,215772
45,5946	35,3831	0,216261
45,6946	35,4276	0,216769
45,7946	35,5037	0,217263
45,8946	35,5764	0,217762
45,9946	35,6643	0,218273
46,0946	35,7537	0,218764
46,1946	35,8259	0,219269
46,2946	35,8749	0,219766
46,3946	35,9561	0,220262
46,4946	36,0599	0,220776
46,5946	36,0939	0,221267
46,6946	36,1914	0,221769
46,7946	36,2961	0,222269
46,8946	36,3558	0,222763
46,9946	36,454	0,223276
47,0946	36,5176	0,223759
47,1946	36,6032	0,224267
47,2946	36,6541	0,224769
47,3946	36,7324	0,22526
47,4946	36,8135	0,225777
47,5946	36,8917	0,226268
47,6946	36,946	0,226767
47,7946	37,037	0,227269
47,8946	37,0855	0,227763
47,9946	37,15	0,228274
48,0946	37,2323	0,228765
48,1946	37,2874	0,229262
48,2946	37,3524	0,229767
48,3946	37,4286	0,230261
48,4946	37,4844	0,230774
48,5946	37,5709	0,231271
48,6946	37,6403	0,231759
48,7946	37,7173	0,232267
48,8946	37,8021	0,232759
48,9946	37,8948	0,233272
49,0946	37,9998	0,233772
49,1946	38,077	0,23426
49,2946	38,1552	0,234765
49,3946	38,2401	0,235251
49,4946	38,3272	0,235761
49,5946	38,4081	0,236269
49,6946	38,457	0,236763
49,7946	38,5356	0,237265
49,8946	38,6132	0,237756
49,9946	38,6919	0,238264
50,0946	38,7762	0,238772
50,1946	38,8418	0,239263
50,2946	38,9063	0,239771
50,3946	38,9767	0,240262
50,4946	39,0549	0,240765
50,5946	39,0979	0,241275
50,6946	39,1839	0,241764
50,7946	39,2491	0,242271
50,8946	39,334	0,242766
50,9946	39,395	0,243262
51,0946	39,4713	0,243776
51,1946	39,5727	0,244267
51,2946	39,634	0,244772
51,3946	39,7187	0,245272
51,4946	39,7907	0,245762
51,5946	39,8595	0,246273
51,6946	39,9678	0,246762
51,7946	40,0386	0,247269
51,8946	40,1087	0,247769
51,9946	40,1799	0,248263
52,0946	40,2539	0,248776
52,1946	40,342	0,249267
52,2946	40,3915	0,249767
52,3946	40,4942	0,250269
52,4946	40,565	0,25076
52,5946	40,6581	0,251277
52,6946	40,7483	0,251768
52,7946	40,7837	0,252265
52,8946	40,8653	0,25277
52,9946	40,9594	0,253261
53,0946	41,0281	0,253774
53,1946	41,0928	0,254268
53,2946	41,1547	0,254762
53,3946	41,22	0,255264
53,4946	41,3018	0,255761
53,5946	41,3551	0,256272
53,6946	41,4296	0,256768
53,7946	41,4785	0,25726
53,8946	41,5671	0,257765
53,9946	41,651	0,258253
54,0946	41,7118	0,258767
54,1946	41,7933	0,259272
54,2946	41,8671	0,259763
54,3946	41,9637	0,260268
54,4946	42,0294	0,260756
54,5946	42,1187	0,261267
54,6946	42,2223	0,261772
54,7946	42,2867	0,262263
54,8946	42,3955	0,262768
54,9946	42,4568	0,263262
55,0946	42,5472	0,263764
55,1946	42,6336	0,264272
55,2946	42,7227	0,264766
55,3946	42,7704	0,265268
55,4946	42,8644	0,265765
55,5946	42,9472	0,266267
55,6946	43,0049	0,266778
55,7946	43,0597	0,267266
55,8946	43,1444	0,267774
55,9946	43,2003	0,268268
56,0946	43,2687	0,268765
56,1946	43,3623	0,269279
56,2946	43,4321	0,269767
56,3946	43,5107	0,270266
56,4946	43,5843	0,270766
56,5946	43,659	0,271263
56,6946	43,7573	0,271779
56,7946	43,8327	0,272267
56,8946	43,8877	0,272767
56,9946	43,9854	0,273269
57,0946	44,0326	0,273763
57,1946	44,1131	0,274279
57,2946	44,2037	0,274768
57,3946	44,282	0,275267
57,4946	44,3636	0,275767
57,5946	44,4437	0,276258
57,6946	44,5278	0,276774
57,7946	44,6075	0,277265
57,8946	44,6946	0,277762
57,9946	44,7694	0,278267
58,0946	44,8395	0,278758
58,1946	44,9074	0,279271
58,2946	44,9766	0,279771
58,3946	45,0409	0,280262
58,4946	45,1209	0,280764
58,5946	45,192	0,281253
58,6946	45,2603	0,281763
58,7946	45,3175	0,282271
58,8946	45,3983	0,282762
58,9946	45,4712	0,283268
59,0946	45,5305	0,283756
59,1946	45,582	0,284264
59,2946	45,645	0,284769
59,3946	45,7555	0,285263
59,4946	45,8441	0,285768
59,5946	45,9365	0,286262
59,6946	46,0149	0,286761
59,7946	46,0952	0,287272
59,8946	46,19	0,287766
59,9946	46,2671	0,288268
60,0946	46,3252	0,288765
60,1946	46,4436	0,289265
60,2946	46,5118	0,289778
60,3946	46,6057	0,290266
60,4946	46,6784	0,290771
60,5946	46,7694	0,291268
60,6946	46,8352	0,291762
60,7946	46,9085	0,292276
60,8946	46,9656	0,292764
60,9946	47,0322	0,293266
61,0946	47,1105	0,293768
61,1946	47,1929	0,294262
61,2946	47,2656	0,294776
61,3946	47,3337	0,295267
61,4946	47,4143	0,295766
61,5946	47,489	0,296263
61,6946	47,5687	0,296763
61,7946	47,6666	0,297279
61,8946	47,7292	0,297767
61,9946	47,8065	0,298264
62,0946	47,8899	0,298769
62,1946	47,9933	0,29926
62,2946	48,0395	0,299771
62,3946	48,1154	0,30027
62,4946	48,19	0,300759
62,5946	48,2725	0,301267
62,6946	48,3592	0,301758
62,7946	48,4309	0,302271
62,8946	48,4958	0,302771
62,9946	48,5531	0,303259
63,0946	48,6501	0,303764
63,1946	48,7427	0,304252
63,2946	48,8099	0,304766
63,3946	48,9155	0,305271
63,4946	48,9641	0,305762
63,5946	49,0469	0,306267
63,6946	49,1049	0,306756
63,7946	49,1869	0,307263
63,8946	49,2298	0,307771
63,9946	49,3117	0,308262
64,0946	49,367	0,308768
64,1946	49,4416	0,309261
64,2946	49,5352	0,309761
64,3946	49,6052	0,310274
64,4946	49,6713	0,310763
64,5946	49,738	0,311271
64,6946	49,8107	0,311762
64,7946	49,8796	0,312261
64,8946	49,9925	0,312775
64,9946	50,0983	0,313269
65,0946	50,1839	0,313774
65,1946	50,2516	0,314268
65,2946	50,3262	0,314762
65,3946	50,4303	0,315272
65,4946	50,5239	0,315764
65,5946	50,5911	0,316269
65,6946	50,6981	0,316768
65,7946	50,7524	0,317259
65,8946	50,8246	0,317776
65,9946	50,8859	0,318267
66,0946	50,964	0,318766
66,1946	51,0325	0,319266
66,2946	51,0979	0,319762
66,3946	51,1624	0,320279
66,4946	51,2484	0,320767
66,5946	51,3452	0,321264
66,6946	51,4195	0,321766
66,7946	51,5064	0,322257
66,8946	51,5718	0,322773
66,9946	51,6606	0,323264
67,0946	51,7239	0,323761
67,1946	51,8262	0,324266
67,2946	51,9019	0,32476
67,3946	51,9663	0,325274
67,4946	52,0523	0,32577
67,5946	52,1383	0,326259
67,6946	52,2114	0,326764
67,7946	52,2908	0,327255
67,8946	52,3499	0,327763
67,9946	52,4507	0,328271
68,0946	52,5326	0,328762
68,1946	52,6046	0,329267
68,2946	52,7078	0,329758
68,3946	52,7643	0,330266
68,4946	52,8351	0,330774
68,5946	52,9152	0,331265
68,6946	53,0078	0,33177
68,7946	53,0574	0,332261
68,8946	53,1308	0,332766
68,9946	53,2033	0,333274
69,0946	53,267	0,333765
69,1946	53,3314	0,33427
69,2946	53,3851	0,334764
69,3946	53,4662	0,335264
69,4946	53,5394	0,33578
69,5946	53,6102	0,336269
69,6946	53,6843	0,336774
69,7946	53,781	0,337265
69,8946	53,8294	0,337767
69,9946	53,9322	0,338278
70,0946	53,9868	0,338763
70,1946	54,0763	0,339271
70,2946	54,1447	0,339768
70,3946	54,2443	0,340262
70,4946	54,3262	0,340778
70,5946	54,4142	0,341269
70,6946	54,5063	0,341769
70,7946	54,586	0,342268
70,8946	54,6691	0,342765
70,9946	54,7356	0,343281
71,0946	54,7959	0,343769
71,1946	54,8729	0,344266
71,2946	54,9429	0,344768
71,3946	55,0288	0,345257
71,4946	55,1074	0,345776
71,5946	55,1948	0,346264
71,6946	55,2791	0,346761
71,7946	55,345	0,347269
71,8946	55,4109	0,34776
71,9946	55,4997	0,348271
72,0946	55,6029	0,34877
72,1946	55,6627	0,349261
72,2946	55,747	0,349766
72,3946	55,8373	0,350252
72,4946	55,9049	0,350765
72,5946	55,9978	0,351271
72,6946	56,0975	0,351762
72,7946	56,1534	0,352267
72,8946	56,2177	0,352755
72,9946	56,2851	0,353266
73,0946	56,3744	0,353774
73,1946	56,444	0,354262
73,2946	56,5146	0,35477
73,3946	56,5925	0,355261
73,4946	56,6593	0,355763
73,5946	56,7608	0,356277
73,6946	56,8282	0,356765
73,7946	56,9157	0,357273
73,8946	56,9859	0,357764
73,9946	57,0841	0,358264
74,0946	57,1676	0,358774
74,1946	57,2022	0,359268
74,2946	57,2895	0,359773
74,3946	57,3697	0,360264
74,4946	57,4782	0,360767
74,5946	57,5398	0,361277
74,6946	57,625	0,36176
74,7946	57,6858	0,362271
74,8946	57,7559	0,362765
74,9946	57,844	0,363262
75,0946	57,9347	0,363775
75,1946	58,017	0,364263
75,2946	58,0874	0,364768
75,3946	58,1586	0,365268
75,4946	58,2602	0,365762
75,5946	58,331	0,366278
75,6946	58,4075	0,366767
75,7946	58,4855	0,367266
75,8946	58,5504	0,367765
75,9946	58,6367	0,368259
76,0946	58,714	0,368776
76,1946	58,7848	0,369264
76,2946	58,8713	0,369761
76,3946	58,9458	0,370266
76,4946	59,0298	0,370757
76,5946	59,0938	0,371273
76,6946	59,1853	0,37177
76,7946	59,2576	0,372261
76,8946	59,3498	0,372763
76,9946	59,4156	0,373254
77,0946	59,4931	0,373762
77,1946	59,5802	0,374273
77,2946	59,6547	0,374764
77,3946	59,7324	0,375266
77,4946	59,8238	0,375755
77,5946	59,8933	0,376268
77,6946	59,9668	0,376771
77,7946	60,0531	0,377262
77,8946	60,1251	0,377764
77,9946	60,1909	0,378261
78,0946	60,3003	0,378766
78,1946	60,3719	0,379274
78,2946	60,4356	0,379765
78,3946	60,5323	0,38027
78,4946	60,608	0,380761
78,5946	60,6777	0,381263
78,6946	60,7561	0,381774
78,7946	60,826	0,382268
78,8946	60,9186	0,382773
78,9946	60,9897	0,383267
79,0946	61,0598	0,383766
79,1946	61,1304	0,384274
79,2946	61,2312	0,38476
79,3946	61,2922	0,385271
79,4946	61,3514	0,385767
79,5946	61,4354	0,386258
79,6946	61,509	0,386778
79,7946	61,5873	0,387266
79,8946	61,6815	0,387768
79,9946	61,7754	0,388268
80,0946	61,8379	0,388762
80,1946	61,9282	0,389278
80,2946	62,0005	0,389766
80,3946	62,0828	0,390266
80,4946	62,1544	0,390771
80,5946	62,2301	0,391259
80,6946	62,3389	0,391773
80,7946	62,4035	0,392264
80,8946	62,4922	0,392761
80,9946	62,569	0,393268
81,0946	62,6565	0,393759
81,1946	62,7304	0,39427
81,2946	62,8237	0,394767
81,3946	62,8932	0,395261
81,4946	62,9572	0,395766
81,5946	63,0481	0,396254
81,6946	63,1006	0,396765
81,7946	63,2137	0,397267
81,8946	63,2705	0,397764
81,9946	63,3492	0,398266
82,0946	63,4143	0,398755
82,1946	63,5002	0,399268
82,2946	63,6076	0,39977
82,3946	63,6562	0,400261
82,4946	63,7513	0,400767
82,5946	63,8286	0,40126
82,6946	63,9128	0,401766
82,7946	63,9753	0,402271
82,8946	64,051	0,402765
82,9946	64,1548	0,40327
83,0946	64,2365	0,403761
83,1946	64,3007	0,404266
83,2946	64,3854	0,404774
83,3946	64,4748	0,405265
83,4946	64,5362	0,405773
83,5946	64,6143	0,406264
83,6946	64,707	0,406766
83,7946	64,7747	0,407274
83,8946	64,8491	0,407762
83,9946	64,9255	0,408268
84,0946	64,9962	0,408764
84,1946	65,0634	0,409261
84,2946	65,1697	0,40978
84,3946	65,2157	0,410266
84,4946	65,3253	0,410768
84,5946	65,3783	0,411265
84,6946	65,4267	0,411761
84,7946	65,5314	0,412275
84,8946	65,6298	0,412766
84,9946	65,6994	0,413265
85,0946	65,7801	0,413768
85,1946	65,8432	0,414262
85,2946	65,9522	0,414772
85,3946	66,0125	0,415263
85,4946	66,0885	0,415763
85,5946	66,1772	0,416265
85,6946	66,2594	0,416759
85,7946	66,3507	0,417273
85,8946	66,4379	0,417766
85,9946	66,5159	0,418258
86,0946	66,5953	0,418763
86,1946	66,6504	0,419251
86,2946	66,7432	0,419765
86,3946	66,8155	0,420267
86,4946	66,8886	0,420764
86,5946	66,9633	0,421266
86,6946	67,0393	0,421757
86,7946	67,1374	0,422268
86,8946	67,1871	0,42277
86,9946	67,2658	0,423261
87,0946	67,3535	0,423766
87,1946	67,427	0,42426
87,2946	67,5124	0,424768
87,3946	67,6093	0,42527
87,4946	67,6831	0,425764
87,5946	67,76	0,426272
87,6946	67,8328	0,426761
87,7946	67,9234	0,427266
87,8946	67,9932	0,427776
87,9946	68,0825	0,428267
88,0946	68,1603	0,42877
88,1946	68,2056	0,429264
88,2946	68,299	0,429766
88,3946	68,3924	0,430271
88,4946	68,4458	0,430759
88,5946	68,5361	0,43127
88,6946	68,6248	0,431764
88,7946	68,6988	0,432264
88,8946	68,7791	0,43278
88,9946	68,8626	0,433265
89,0946	68,9263	0,433768
89,1946	69,0181	0,434264
89,2946	69,0953	0,434764
89,3946	69,185	0,435277
89,4946	69,2413	0,435766
89,5946	69,2936	0,436271
89,6946	69,3825	0,436768
89,7946	69,4517	0,437259
89,8946	69,5253	0,437775
89,9946	69,6138	0,438263
90,0946	69,665	0,43876
90,1946	69,7543	0,439265
90,2946	69,8529	0,439759
90,3946	69,9315	0,440275
90,4446	69,9778	0,440522
90,5446	70,016	0,440685
90,6446	69,9834	0,440685
90,7446	69,9698	0,440576
90,8446	69,9663	0,440017
90,9446	69,9441	0,439521
91,0446	69,8736	0,439013
91,1446	69,814	0,438516
91,2446	69,7632	0,438016
91,3446	69,7002	0,437509
91,4446	69,6347	0,43702
91,5446	69,5613	0,436518
91,6446	69,5548	0,436021
91,7446	69,5449	0,435516
91,8446	69,54	0,435008
91,9446	69,5282	0,434523
92,0446	69,5056	0,434021
92,1446	69,4777	0,433521
92,2446	69,4164	0,433027
92,3446	69,3797	0,432513
92,4446	69,3417	0,432022
92,5446	69,2814	0,431523
92,6446	69,2282	0,43102
92,7446	69,1627	0,430524
92,8446	69,0871	0,430016
92,9446	68,9979	0,429522
93,0446	68,9364	0,429023
93,1446	68,8505	0,428515
93,2446	68,7567	0,428024
93,3446	68,676	0,427513
93,4446	68,5909	0,427016
93,5446	68,512	0,426519
93,6446	68,412	0,426011
93,7446	68,3319	0,425518
93,8446	68,2617	0,42501
93,9446	68,1649	0,424507
94,0446	68,0648	0,424019
94,1446	67,9757	0,423508
94,2446	67,9136	0,423014
94,3446	67,8251	0,422507
94,4446	67,6947	0,422007
94,5446	67,6172	0,421521
94,6446	67,5211	0,421011
94,7446	67,4285	0,420517
94,8446	67,3523	0,420012
94,9446	67,2492	0,419504
95,0446	67,1626	0,419024
95,1446	67,1055	0,41851
95,2446	67,0123	0,418016
95,3446	66,9071	0,417514
95,4446	66,8217	0,417006
95,5446	66,7132	0,416524
95,6446	66,6567	0,416016
95,7446	66,5603	0,415519
95,8446	66,4708	0,41502
95,9446	66,3919	0,414509
96,0446	66,2828	0,414023
96,1446	66,1729	0,413521
96,2446	66,0838	0,413016
96,3446	65,9794	0,412519
96,4446	65,9085	0,412006
96,5446	65,8265	0,411523
96,6446	65,7368	0,411018
96,7446	65,6561	0,410518
96,8446	65,5356	0,410024
96,9446	65,4661	0,409511
97,0446	65,3691	0,409023
97,1446	65,2634	0,408523
97,2446	65,1857	0,408018
97,3446	65,0843	0,407521
97,4446	65,0175	0,407011
97,5446	64,9182	0,406519
97,6446	64,8286	0,406023
97,7446	64,7296	0,405512
97,8446	64,6422	0,405021
97,9446	64,5354	0,404505
98,0446	64,476	0,404016
98,1446	64,3839	0,40352
98,2446	64,3049	0,403012
98,3446	64,225	0,402518
98,4446	64,1311	0,402004
98,5446	64,0295	0,401511
98,6446	63,9292	0,401017
98,7446	63,8377	0,400506
98,8446	63,7736	0,400015
98,9446	63,6529	0,399507
99,0446	63,5683	0,399007
99,1446	63,4798	0,398522
99,2446	63,3933	0,398008
99,3446	63,3039	0,397514
99,4446	63,2151	0,397009
99,5446	63,1303	0,396504
99,6446	63,0387	0,396021
99,7446	62,9597	0,395514
99,8446	62,8543	0,39502
99,9446	62,7823	0,394512
100,045	62,6773	0,394007
100,145	62,591	0,393524
100,245	62,5106	0,393013
100,345	62,4399	0,392519
100,445	62,3308	0,39202
100,545	62,2204	0,391506
100,645	62,1423	0,391021
100,745	62,0434	0,390516
100,845	61,949	0,390022
100,945	61,8556	0,389519
101,045	61,764	0,389012
101,145	61,6566	0,388521
101,245	61,57	0,388012
101,345	61,4819	0,387516
101,445	61,4084	0,387025
101,545	61,3289	0,386514
101,645	61,2209	0,386023
101,745	61,1536	0,385521
101,845	61,0734	0,385016
101,945	60,9736	0,384522
102,045	60,8954	0,384014
102,145	60,7973	0,38352
102,245	60,7127	0,38302
102,345	60,6441	0,382512
102,445	60,5534	0,382021
102,545	60,4488	0,381511
102,645	60,3547	0,381019
102,745	60,2774	0,380523
102,845	60,2027	0,380006
102,945	60,11	0,379515
103,045	60,0154	0,379007
103,145	59,942	0,378511
103,245	59,8586	0,37802
103,345	59,7459	0,377506
103,445	59,669	0,377012
103,545	59,5765	0,376504
103,645	59,4715	0,376007
103,745	59,4133	0,375519
103,845	59,3204	0,375011
103,945	59,2462	0,374517
104,045	59,1352	0,37401
104,145	59,0557	0,373507
104,245	58,9672	0,373022
104,345	58,9057	0,372511
104,445	58,8157	0,372017
104,545	58,7144	0,371512
104,645	58,6473	0,371007
104,745	58,5548	0,370519
104,845	58,4681	0,370016
104,945	58,3699	0,369522
105,045	58,2946	0,369017
105,145	58,1955	0,368507
105,245	58,1142	0,368021
105,345	58,0174	0,367519
105,445	57,9413	0,367022
105,545	57,8283	0,36652
105,645	57,7624	0,366006
105,745	57,6475	0,365521
105,845	57,5671	0,365013
105,945	57,4794	0,364519
106,045	57,3851	0,364022
106,145	57,3086	0,363511
106,245	57,2313	0,363023
106,345	57,1494	0,362521
106,445	57,0594	0,362018
106,545	56,9638	0,361525
106,645	56,888	0,361011
106,745	56,7905	0,36052
106,845	56,7082	0,360021
106,945	56,6137	0,359513
107,045	56,5386	0,359019
107,145	56,4484	0,358508
107,245	56,3493	0,35802
107,345	56,2803	0,35752
107,445	56,2074	0,35701
107,545	56,1067	0,356518
107,645	56,0372	0,356008
107,745	55,9616	0,355514
107,845	55,862	0,355017
107,945	55,78	0,354506
108,045	55,6906	0,354012
108,145	55,6083	0,35351
108,245	55,5306	0,353008
108,345	55,4488	0,35252
108,445	55,3548	0,352012
108,545	55,2806	0,351518
108,645	55,2035	0,35101
108,745	55,1199	0,350507
108,845	55,0269	0,350019
108,945	54,9508	0,349508
109,045	54,8874	0,349018
109,145	54,7871	0,348512
109,245	54,6963	0,348007
109,345	54,6287	0,347522
109,445	54,545	0,347014
109,545	54,4451	0,34652
109,645	54,3626	0,346017
109,745	54,2594	0,345507
109,845	54,1722	0,345024
109,945	54,0834	0,344516
110,045	54,0058	0,344017
110,145	53,9108	0,343517
110,245	53,8011	0,343006
110,345	53,7315	0,342524
110,445	53,6524	0,342016
110,545	53,5823	0,341519
110,645	53,4865	0,341022
110,745	53,4155	0,340512
110,845	53,3257	0,340023
110,945	53,2656	0,339527
111,045	53,1739	0,339019
111,145	53,1094	0,338522
111,245	53,016	0,338011
111,345	52,9578	0,337518
111,445	52,8757	0,337021
111,545	52,8083	0,336513
111,645	52,7135	0,336022
111,745	52,6042	0,335508
111,845	52,531	0,33502
111,945	52,4478	0,334518
112,045	52,3478	0,334013
112,145	52,2707	0,333519
112,245	52,1887	0,333005
112,345	52,1098	0,332511
112,445	52,0173	0,332017
112,545	51,9249	0,331507
112,645	51,849	0,331015
112,745	51,7825	0,330505
112,845	51,6955	0,330008
112,945	51,6093	0,32952
113,045	51,4997	0,329009
113,145	51,4351	0,328518
113,245	51,3552	0,32801
113,345	51,2666	0,327505
113,445	51,1831	0,32702
113,545	51,1073	0,326512
113,645	51,0359	0,32602
113,745	50,9596	0,325513
113,845	50,8754	0,32501
113,945	50,7815	0,324519
114,045	50,7178	0,324014
114,145	50,6247	0,32352
114,245	50,5639	0,323015
114,345	50,4678	0,32251
114,445	50,3738	0,322024
114,545	50,2672	0,321514
114,645	50,1697	0,321023
114,745	50,0797	0,320517
114,825	49,9968	0,320108
114,925	49,989	0,320099
115,025	49,9957	0,32068
115,125	50,0389	0,32118
115,225	50,1022	0,321682
115,325	50,1032	0,322176
115,425	50,1363	0,322684
115,525	50,1395	0,323186
115,625	50,1579	0,323671
115,725	50,1672	0,324182
115,825	50,1681	0,324673
115,925	50,1748	0,325181
116,025	50,18	0,325684
116,125	50,1915	0,326174
116,225	50,2228	0,326677
116,325	50,2658	0,327168
116,425	50,3518	0,327673
116,525	50,4227	0,328181
116,625	50,4885	0,328669
116,725	50,588	0,329177
116,825	50,6504	0,329674
116,925	50,7299	0,330176
117,025	50,825	0,33069
117,125	50,894	0,331175
117,225	50,9977	0,331683
117,325	51,0851	0,332177
117,425	51,1554	0,332677
117,525	51,2315	0,33319
117,625	51,3069	0,333678
117,725	51,3972	0,334183
117,825	51,4669	0,334677
117,925	51,551	0,335177
118,025	51,6445	0,33569
118,125	51,7121	0,336182
118,225	51,8176	0,336687
118,325	51,9221	0,337183
118,425	52,023	0,337674
118,525	52,0973	0,338188
118,625	52,1741	0,338679
118,725	52,2539	0,339184
118,825	52,3598	0,339684
118,925	52,4328	0,340172
119,025	52,5156	0,340691
119,125	52,605	0,341185
119,225	52,6993	0,341679
119,325	52,775	0,342184
119,425	52,8508	0,342678
119,525	52,9312	0,343189
119,625	53,0218	0,343685
119,725	53,0851	0,344179
119,825	53,1761	0,344682
119,925	53,2437	0,345173
120,025	53,3205	0,345683
120,125	53,396	0,346183
120,225	53,4686	0,346674
120,325	53,5596	0,347185
120,425	53,6616	0,347673
120,525	53,7275	0,348184
120,625	53,8259	0,348686
120,725	53,9258	0,349174
120,825	53,9953	0,349677
120,925	54,0818	0,350168
121,025	54,1817	0,350678
121,125	54,2767	0,351186
121,225	54,3484	0,351677
121,325	54,4569	0,35218
121,425	54,5458	0,352671
121,525	54,6055	0,353179
121,625	54,6924	0,353687
121,725	54,7817	0,354178
121,825	54,8586	0,35468
121,925	54,9394	0,355177
122,025	55,0128	0,355676
122,125	55,115	0,35619
122,225	55,1794	0,356678
122,325	55,2791	0,357183
122,425	55,3554	0,35768
122,525	55,4665	0,358177
122,625	55,5626	0,35869
122,725	55,6222	0,359181
122,825	55,7153	0,359686
122,925	55,8088	0,360183
123,025	55,9108	0,360677
123,125	55,9758	0,361191
123,225	56,0671	0,361679
123,325	56,1709	0,362181
123,425	56,2623	0,362681
123,525	56,3201	0,363174
123,625	56,4109	0,363691
123,725	56,5036	0,364182
123,825	56,6016	0,364679
123,925	56,6817	0,365186
124,025	56,7468	0,365678
124,125	56,8413	0,366188
124,225	56,9188	0,366685
124,325	57,0127	0,367179
124,425	57,1023	0,367681
124,525	57,1714	0,368172
124,625	57,2596	0,368686
124,725	57,3613	0,369185
124,825	57,4389	0,369677
124,925	57,5052	0,370182
125,025	57,6006	0,370673
125,125	57,6569	0,371186
125,225	57,7643	0,371686
125,325	57,8493	0,372174
125,425	57,9516	0,372679
125,525	58,0438	0,373165
125,625	58,1149	0,373675
125,725	58,2047	0,374186
125,825	58,2777	0,374674
125,925	58,375	0,375182
126,025	58,4715	0,375673
126,125	58,5672	0,376176
126,225	58,639	0,376686
126,325	58,7259	0,377177
126,425	58,8025	0,377683
126,525	58,9017	0,378176
126,625	58,9855	0,378676
126,725	59,0615	0,379187
126,825	59,1477	0,379681
126,925	59,2208	0,380183
127,025	59,3093	0,38068
127,125	59,3985	0,381176
127,225	59,5105	0,381693
127,325	59,5763	0,382184
127,425	59,6469	0,382686
127,525	59,7302	0,383186
127,625	59,8286	0,383677
127,725	59,9158	0,384187
127,825	59,9861	0,384679
127,925	60,094	0,385184
128,025	60,194	0,385683
128,125	60,2688	0,386174
128,225	60,3356	0,386691
128,325	60,4439	0,387182
128,425	60,5109	0,387681
128,525	60,591	0,388186
128,625	60,671	0,388677
128,725	60,7844	0,389188
128,825	60,8495	0,389685
128,925	60,9272	0,390179
129,025	61,0121	0,390684
129,125	61,0984	0,391175
129,225	61,1735	0,391686
129,325	61,2411	0,392182
129,425	61,3264	0,392674
129,525	61,4102	0,393181
129,625	61,5034	0,393672
129,725	61,5786	0,394183
129,825	61,6731	0,394686
129,925	61,7592	0,395174
130,025	61,8538	0,395676
130,125	61,9213	0,396167
130,225	62,0186	0,396681
130,325	62,1111	0,397186
130,425	62,1889	0,397674
130,525	62,2728	0,398182
130,625	62,3683	0,398673
130,725	62,4415	0,399178
130,825	62,5455	0,399686
130,925	62,6344	0,400177
131,025	62,7247	0,400685
131,125	62,8167	0,401176
131,225	62,8803	0,401681
131,325	62,99	0,402186
131,425	63,0914	0,402678
131,525	63,1618	0,403185
131,625	63,2395	0,403679
131,725	63,3372	0,404179
131,825	63,4256	0,404695
131,925	63,5055	0,405184
132,025	63,5955	0,405686
132,125	63,6701	0,406183
132,225	63,7591	0,406676
132,325	63,8515	0,40719
132,425	63,9434	0,407681
132,525	64,0176	0,408183
132,625	64,0913	0,40868
132,725	64,1903	0,409174
132,825	64,2636	0,409693
132,925	64,337	0,410181
133,025	64,4407	0,410684
133,125	64,5011	0,411181
133,225	64,5972	0,411677
133,325	64,6652	0,412193
133,425	64,7559	0,412682
133,525	64,863	0,413178
133,625	64,9449	0,413686
133,725	65,0303	0,414175
133,825	65,1093	0,414685
133,925	65,1689	0,415185
134,025	65,2408	0,415676
134,125	65,3525	0,416184
134,225	65,4162	0,416669
134,325	65,5168	0,417183
134,425	65,5832	0,417685
134,525	65,6804	0,418174
134,625	65,7546	0,418679
134,725	65,8422	0,41917
134,825	65,9226	0,419678
134,925	66,0163	0,420183
135,025	66,1051	0,420674
135,125	66,1787	0,421185
135,225	66,2619	0,421673
135,325	66,3362	0,422178
135,425	66,4332	0,422686
135,525	66,5181	0,423177
135,625	66,6146	0,423685
135,725	66,6883	0,424179
135,825	66,7851	0,424678
135,925	66,8556	0,425186
136,025	66,9481	0,42568
136,125	67,0442	0,426183
136,225	67,1011	0,426679
136,325	67,1776	0,427179
136,425	67,2524	0,427692
136,525	67,3458	0,42818
136,625	67,4609	0,428688
136,725	67,5189	0,429185
136,825	67,6116	0,429679
136,925	67,6943	0,430193
137,025	67,7808	0,430678
137,125	67,8582	0,431183
137,225	67,9504	0,431685
137,325	68,0378	0,432176
137,425	68,1167	0,43269
137,525	68,2014	0,433181
137,625	68,2699	0,433683
137,725	68,3659	0,43418
137,825	68,4606	0,434677
137,925	68,5295	0,43519
138,025	68,64	0,435684
138,125	68,7259	0,436181
138,225	68,7998	0,436686
138,325	68,8703	0,437174
138,425	68,9586	0,437691
138,525	69,0479	0,438182
138,625	69,1137	0,438673
138,725	69,1838	0,439184
138,825	69,2555	0,439675
138,925	69,3455	0,440188
139,025	69,4248	0,440685
139,125	69,5017	0,44117
139,225	69,5776	0,441678
139,325	69,6834	0,442167
139,425	69,7678	0,44268
139,525	69,8394	0,443185
139,625	69,9323	0,443674
139,725	70,0145	0,444181
139,825	70,097	0,444675
139,925	70,1968	0,44518
140,025	70,2892	0,445688
140,125	70,3844	0,44618
140,225	70,46	0,446685
140,325	70,5293	0,447176
140,425	70,6101	0,447681
140,525	70,6976	0,448186
140,625	70,7783	0,44868
140,725	70,8635	0,449188
140,825	70,9377	0,449679
140,925	71,0178	0,450178
141,025	71,1133	0,450689
141,125	71,1763	0,451183
141,225	71,2519	0,451688
141,325	71,3088	0,452179
141,425	71,3981	0,452679
141,525	71,4903	0,453189
141,625	71,5776	0,453678
141,725	71,6506	0,454183
141,825	71,7454	0,454685
141,925	71,822	0,455173
142,025	71,8932	0,45569
142,125	71,9978	0,456184
142,225	72,0597	0,456683
142,325	72,1329	0,457183
142,425	72,1957	0,457677
142,525	72,2995	0,45819
142,625	72,3645	0,458681
142,725	72,4328	0,459181
142,825	72,5378	0,459686
142,925	72,6064	0,460174
143,025	72,7004	0,460688
143,125	72,7875	0,461179
143,225	72,8406	0,461675
143,325	72,9189	0,462183
143,425	73,0036	0,462674
143,525	73,0798	0,463188
143,625	73,1495	0,463685
143,725	73,2208	0,464176
143,825	73,2781	0,464678
143,925	73,3623	0,465166
144,025	73,4517	0,465677
144,125	73,5387	0,466185
144,225	73,6173	0,466673
144,325	73,7016	0,467181
144,425	73,767	0,46767
144,525	73,8385	0,46818
144,625	73,9362	0,468685
144,725	74,0062	0,469176
144,825	74,0936	0,469682
144,925	74,1744	0,470176
145,025	74,2499	0,470681
145,125	74,3512	0,471189
145,225	74,4186	0,47168
145,325	74,4908	0,472185
145,425	74,58	0,472678
145,525	74,6608	0,473178
145,625	74,7405	0,473694
145,725	74,8293	0,47418
145,825	74,9196	0,474688
145,925	74,9996	0,475179
146,025	75,0731	0,475681
146,125	75,156	0,476189
146,225	75,2223	0,476677
146,325	75,3106	0,477182
146,425	75,3663	0,477685
146,525	75,4447	0,478173
146,625	75,5241	0,478692
146,725	75,6114	0,479183
146,825	75,6888	0,479683
146,925	75,7803	0,480182
147,025	75,8493	0,480676
147,125	75,9202	0,48119
147,225	75,9885	0,481684
147,325	76,0667	0,48218
147,425	76,1539	0,482686
147,525	76,2307	0,483174
147,625	76,3106	0,483687
147,725	76,3971	0,484181
147,825	76,4877	0,484675
147,925	76,5547	0,485183
148,025	76,64	0,485674
148,125	76,7281	0,486182
148,225	76,7877	0,486684
148,325	76,8672	0,487175
148,425	76,9473	0,487678
148,525	77,0152	0,488166
148,625	77,1035	0,488677
148,725	77,1822	0,489185
148,825	77,2492	0,489679
148,925	77,3164	0,490184
149,025	77,3829	0,490672
149,125	77,4556	0,49118
149,225	77,5527	0,491685
149,325	77,6161	0,492179
149,425	77,7112	0,492684
149,525	77,7726	0,493175
149,625	77,8559	0,49368
149,725	77,9351	0,494188
149,825	78,012	0,494677
149,925	78,0854	0,495184
150,025	78,1856	0,495678
150,125	78,2699	0,496181
150,225	78,3394	0,496689
150,325	78,4626	0,49718
150,425	78,535	0,497685
150,525	78,6023	0,498182
150,625	78,6909	0,498678
150,725	78,7692	0,499192
150,825	78,8495	0,499677
150,925	78,9015	0,500182
151,025	78,9695	0,500679
151,125	79,0514	0,501176
151,225	79,149	0,501695
151,325	79,2298	0,502183
151,425	79,3012	0,50268
151,525	79,383	0,503182
151,625	79,4683	0,503676
151,725	79,532	0,504192
151,825	79,6114	0,504683
151,925	79,6717	0,50518
152,025	79,7579	0,505685
152,125	79,8177	0,506174
152,225	79,8972	0,50669
152,325	79,974	0,507184
152,425	80,0542	0,507672
152,525	80,1194	0,508186
152,625	80,2042	0,508671
152,725	80,2717	0,509187
152,825	80,3633	0,509687
152,925	80,4352	0,510175
153,025	80,5121	0,510678
153,125	80,5775	0,511169
153,225	80,653	0,511679
153,325	80,7534	0,512185
153,425	80,8252	0,512678
153,525	80,891	0,513184
153,625	80,9699	0,513672
153,725	81,0608	0,514183
153,825	81,1297	0,514687
153,925	81,2033	0,515181
154,025	81,2698	0,515684
154,125	81,3537	0,516175
154,225	81,4294	0,51668
154,325	81,4744	0,517191
154,425	81,5634	0,517682
154,525	81,6429	0,518187
154,625	81,7423	0,518678
154,725	81,8168	0,51918
154,825	81,8888	0,519694
154,925	81,9712	0,520185
155,025	82,0471	0,520687
155,125	82,1333	0,521184
155,225	82,2073	0,521681
155,325	82,3034	0,522189
155,425	82,3695	0,522677
155,525	82,4458	0,523188
155,625	82,5426	0,523684
155,725	82,6423	0,524181
155,825	82,7018	0,524689
155,925	82,8092	0,52518
156,025	82,8783	0,525682
156,125	82,9489	0,526182
156,225	83,0263	0,526679
156,325	83,0909	0,527192
156,425	83,1586	0,527677
156,525	83,2583	0,528177
156,625	83,3128	0,528682
156,725	83,3912	0,529176
156,825	83,4569	0,529689
156,925	83,5393	0,530183
157,025	83,6073	0,530675
157,125	83,6752	0,531182
157,225	83,7706	0,531674
157,325	83,831	0,532184
157,425	83,911	0,532684
157,525	83,9946	0,533175
157,625	84,0768	0,53368
157,725	84,1426	0,534168
157,825	84,242	0,534682
157,925	84,3277	0,535181
158,025	84,3887	0,535675
158,125	84,4827	0,536183
158,225	84,5568	0,536672
158,325	84,6275	0,537182
158,425	84,6987	0,537684
158,525	84,7748	0,538176
158,625	84,8555	0,538686
158,725	84,9357	0,539175
158,825	84,9991	0,53968
158,925	85,0776	0,540188
159,025	85,1303	0,540679
159,125	85,2088	0,541184
159,225	85,2898	0,541678
159,325	85,3748	0,54218
159,425	85,4394	0,542694
159,525	85,5202	0,543182
159,625	85,6001	0,543687
159,725	85,6793	0,544181
159,825	85,7518	0,54468
159,925	85,8363	0,545188
160,025	85,9142	0,545677
160,125	85,9906	0,546187
160,225	86,076	0,546684
160,325	86,1597	0,547178
160,425	86,2401	0,547692
160,525	86,3255	0,54818
160,625	86,4023	0,548682
160,725	86,4897	0,549179
160,825	86,5595	0,549675
160,925	86,6544	0,550195
161,025	86,7367	0,550683
161,125	86,818	0,551183
161,225	86,9157	0,551682
161,325	86,9919	0,55217
161,425	87,0818	0,552689
161,525	87,1238	0,55318
161,625	87,1984	0,553677
161,725	87,2698	0,554179
161,825	87,3528	0,554676
161,925	87,4427	0,555187
162,025	87,5066	0,555684
162,125	87,56	0,556175
162,225	87,6715	0,556677
162,325	87,7153	0,557165
162,425	87,8095	0,557679
162,525	87,8846	0,558184
162,625	87,9668	0,558675
162,725	88,0364	0,559183
162,825	88,1301	0,559674
162,925	88,1937	0,560182
163,025	88,2684	0,560684
163,125	88,3344	0,561178
163,225	88,4319	0,561683
163,325	88,498	0,562177
163,425	88,575	0,562682
163,525	88,669	0,563187
163,625	88,7433	0,563676
163,725	88,8317	0,564186
163,825	88,9081	0,564678
163,925	88,9651	0,565177
164,025	89,0638	0,565693
164,125	89,13	0,566182
164,225	89,2084	0,56669
164,325	89,2734	0,567181
164,425	89,3496	0,56768
164,525	89,4157	0,568194
164,625	89,5018	0,568673
164,725	89,5747	0,569182
164,825	89,6561	0,569678
164,925	89,7186	0,570178
165,025	89,776	0,570691
165,125	89,8483	0,571177
165,225	89,9375	0,571682
165,325	89,9955	0,572181
165,425	90,0731	0,572678
165,525	90,1738	0,573192
165,625	90,2464	0,57368
165,725	90,3366	0,574179
165,825	90,4147	0,574682
165,925	90,4839	0,575173
166,025	90,567	0,575689
166,125	90,6434	0,576183
166,225	90,7296	0,576677
166,325	90,815	0,577182
166,425	90,881	0,577673
166,525	90,951	0,578187
166,625	91,0236	0,578681
166,725	91,12	0,579172
166,825	91,1769	0,57968
166,925	91,2666	0,580165
167,025	91,3299	0,580681
167,125	91,4166	0,581184
167,225	91,4781	0,581678
167,325	91,5456	0,58218
167,425	91,6324	0,582674
167,525	91,6844	0,583179
167,625	91,7715	0,583687
167,725	91,8588	0,584181
167,825	91,9348	0,584686
167,925	92,0001	0,585174
168,025	92,0716	0,585682
168,125	92,1438	0,586187
168,225	92,2169	0,586681
168,325	92,3048	0,587186
168,425	92,3859	0,587677
168,525	92,4481	0,588179
168,625	92,5495	0,588688
168,725	92,6174	0,589178
168,825	92,6776	0,589684
168,925	92,7607	0,59018
169,025	92,83	0,59068
169,125	92,9119	0,591191
169,225	92,9864	0,591676
169,325	93,0785	0,592184
169,425	93,1585	0,592683
169,525	93,2259	0,593175
169,625	93,3097	0,593694
169,725	93,3775	0,594179
169,825	93,4559	0,594682
169,925	93,5267	0,595181
170,025	93,5861	0,595678
170,125	93,6568	0,596188
170,225	93,7203	0,59668
170,325	93,7765	0,597185
170,425	93,8747	0,597681
170,525	93,95	0,598175
170,625	94,0232	0,598686
170,725	94,093	0,599177
170,825	94,1857	0,599676
170,925	94,2522	0,600182
171,025	94,3459	0,600673
171,125	94,4564	0,601186
171,225	94,5192	0,60168
171,325	94,6087	0,602174
171,425	94,6757	0,602677
171,525	94,7412	0,603165
171,625	94,8298	0,603678
171,725	94,9062	0,60418
171,825	94,9932	0,604674
171,925	95,0636	0,605182
172,025	95,1335	0,605673
172,125	95,2151	0,606182
172,225	95,2875	0,606684
172,325	95,3672	0,607178
172,425	95,4299	0,607685
172,525	95,5188	0,608174
172,625	95,5782	0,608682
172,725	95,6665	0,609187
172,825	95,7421	0,609678
172,925	95,8044	0,610186
173,025	95,8659	0,610677
173,125	95,9649	0,611179
173,225	96,0217	0,61169
173,325	96,1108	0,612181
173,425	96,1909	0,612689
173,525	96,2874	0,61318
173,625	96,3523	0,61368
173,725	96,4173	0,61419
173,825	96,49	0,614676
173,925	96,5584	0,615187
174,025	96,6291	0,615683
174,125	96,7122	0,616177
174,225	96,7987	0,616693
174,325	96,8532	0,617176
174,425	96,9376	0,617681
174,525	97,0322	0,618183
174,625	97,0896	0,618677
174,725	97,1667	0,619194
174,825	97,241	0,619679
174,925	97,3329	0,620182
175,025	97,4094	0,620684
175,125	97,4592	0,621175
175,225	97,5404	0,621688
175,325	97,5931	0,622182
175,425	97,6689	0,622679
175,525	97,7551	0,623181
175,625	97,826	0,623675
175,725	97,882	0,624189
175,825	97,9762	0,624683
175,925	98,0299	0,625174
176,025	98,1129	0,625676
176,125	98,2031	0,626167
176,225	98,2735	0,626681
176,325	98,3358	0,627183
176,425	98,4074	0,62768
176,525	98,4985	0,628185
176,625	98,5956	0,628673
176,725	98,671	0,629181
176,825	98,7504	0,629686
176,925	98,8412	0,630177
177,025	98,9158	0,630685
177,125	99,0102	0,631176
177,225	99,0826	0,631682
177,325	99,1614	0,632184
177,425	99,2228	0,632678
177,525	99,2978	0,633186
177,625	99,3694	0,633677
177,725	99,4464	0,634185
177,825	99,5149	0,634687
177,925	99,6199	0,635181
178,025	99,6752	0,635689
178,125	99,7651	0,636183
178,225	99,8201	0,636682
178,325	99,8918	0,63719
178,425	99,9798	0,637676
178,525	100,061	0,638186
178,625	100,117	0,63868
178,725	100,178	0,639177
178,825	100,269	0,639693
178,925	100,351	0,640179
179,025	100,427	0,640681
179,125	100,505	0,641183
179,225	100,567	0,64168
179,325	100,642	0,642191
179,425	100,74	0,642679
179,525	100,795	0,643179
179,625	100,879	0,643681
179,725	100,923	0,644175
179,825	101,029	0,644688
179,925	101,103	0,645179
180,025	101,166	0,645676
180,125	101,241	0,646181
180,225	101,309	0,646672
180,325	101,401	0,647186
180,425	101,474	0,647683
180,525	101,54	0,648173
180,625	101,616	0,648676
180,725	101,681	0,649167
180,825	101,736	0,649683
180,925	101,816	0,650183
181,025	101,902	0,650677
181,125	101,971	0,651182
181,225	102,053	0,65167
181,325	102,122	0,652184
181,425	102,211	0,652689
181,525	102,298	0,65318
181,625	102,38	0,653685
181,725	102,454	0,65417
181,825	102,528	0,654684
181,925	102,589	0,655189
182,025	102,674	0,65568
182,125	102,794	0,656188
182,225	102,858	0,656676
182,325	102,932	0,657182
182,425	102,995	0,657692
182,525	103,089	0,658183
182,625	103,169	0,658686
182,725	103,241	0,659177
182,825	103,32	0,659682
182,925	103,396	0,66019
183,025	103,458	0,660678
183,125	103,511	0,661186
183,225	103,589	0,66168
183,325	103,661	0,662176
183,425	103,737	0,662693
183,525	103,816	0,663178
183,625	103,868	0,663686
183,725	103,929	0,66418
183,825	104,028	0,664677
183,925	104,077	0,66519
184,025	104,173	0,665682
184,125	104,229	0,666181
184,225	104,303	0,666683
184,325	104,409	0,667175
184,425	104,449	0,667688
184,525	104,495	0,668182
184,625	104,597	0,668679
184,725	104,679	0,669184
184,825	104,755	0,669675
184,925	104,838	0,670188
185,025	104,913	0,670677
185,125	104,99	0,671173
185,225	105,061	0,671679
185,325	105,153	0,672164
185,425	105,213	0,672683
185,525	105,304	0,67318
185,625	105,378	0,673679
185,725	105,425	0,674184
185,825	105,509	0,674673
185,925	105,567	0,675183
186,025	105,643	0,675683
186,125	105,69	0,676177
186,225	105,767	0,676685
186,325	105,848	0,677173
186,425	105,904	0,677684
186,525	105,975	0,678186
186,625	106,054	0,67868
186,725	106,126	0,679185
186,825	106,211	0,679673
186,925	106,271	0,680181
187,025	106,355	0,680686
187,125	106,443	0,68118
187,225	106,525	0,681685
187,325	106,584	0,682179
187,425	106,668	0,682682
187,525	106,743	0,68319
187,625	106,817	0,683675
187,725	106,916	0,684186
187,825	106,98	0,68468
187,925	107,065	0,685179
188,025	107,13	0,685693
188,125	107,194	0,686181
188,225	107,274	0,686683
188,325	107,348	0,687177
188,425	107,4	0,687679
188,525	107,479	0,688193
188,625	107,537	0,688678
188,725	107,59	0,689184
188,825	107,658	0,689683
188,925	107,738	0,690174
189,025	107,796	0,690688
189,125	107,894	0,691179
189,225	107,96	0,691676
189,325	108,011	0,692181
189,425	108,088	0,692675
189,525	108,173	0,693188
189,625	108,264	0,693685
189,725	108,325	0,694176
189,825	108,385	0,694678
189,925	108,468	0,695169
190,025	108,534	0,695686
190,125	108,609	0,696182
190,225	108,703	0,696676
190,325	108,752	0,697181
190,425	108,785	0,69767
190,525	108,829	0,698183
190,625	108,901	0,698683
190,725	108,955	0,699174
190,825	109,056	0,699682
190,925	109,13	0,700173
191,025	109,192	0,700686
191,125	109,267	0,701186
191,225	109,304	0,701677
191,325	109,389	0,702185
191,425	109,431	0,702676
191,525	109,518	0,703187
191,625	109,583	0,703686
191,725	109,634	0,704183
191,825	109,71	0,704688
191,925	109,786	0,705182
192,025	109,849	0,705681
192,125	109,917	0,706189
192,225	109,981	0,706678
192,325	110,072	0,707183
192,425	110,14	0,707679
192,525	110,208	0,708179
192,625	110,283	0,708692
192,725	110,375	0,709178
192,825	110,459	0,70968
192,925	110,536	0,710183
193,025	110,632	0,710679
193,125	110,696	0,711193
193,225	110,766	0,711678
193,325	110,853	0,712183
193,425	110,938	0,71268
193,525	110,99	0,71318
193,625	111,078	0,713685
193,725	111,13	0,714181
193,825	111,222	0,714678
193,925	111,301	0,715178
194,025	111,358	0,715677
194,125	111,449	0,716191
194,225	111,513	0,716682
194,325	111,579	0,717176
194,425	111,637	0,717675
194,525	111,722	0,718166
194,625	111,778	0,718683
194,725	111,857	0,719182
194,825	111,932	0,719679
194,925	112,003	0,720184
195,025	112,073	0,720669
195,125	112,102	0,721186
195,225	112,154	0,721685
195,325	112,254	0,722182
195,425	112,322	0,722684
195,525	112,385	0,723175
195,625	112,457	0,723686
195,725	112,518	0,724188
195,825	112,605	0,724679
195,925	112,681	0,725187
196,025	112,742	0,725673
196,125	112,828	0,726183
196,225	112,89	0,726689
196,325	112,988	0,727182
196,425	113,061	0,727688
196,525	113,117	0,728179
196,625	113,192	0,728684
196,725	113,273	0,729186
196,825	113,328	0,729674
196,925	113,387	0,730185
197,025	113,488	0,730679
197,125	113,55	0,731179
197,225	113,608	0,731692
197,325	113,674	0,732175
197,425	113,742	0,732683
197,525	113,803	0,733182
197,625	113,883	0,733682
197,725	113,943	0,734192
197,825	114,017	0,734681
197,925	114,11	0,735183
198,025	114,167	0,735683
198,125	114,234	0,736179
198,225	114,312	0,736687
198,325	114,387	0,737176
198,425	114,489	0,737678
198,525	114,565	0,738177
198,625	114,642	0,738674
198,725	114,702	0,739188
198,825	114,775	0,739681
198,925	114,876	0,740175
199,025	114,942	0,740678
199,125	115	0,741166
199,225	115,066	0,741685
199,325	115,163	0,742182
199,425	115,23	0,742676
199,525	115,297	0,743181
199,625	115,36	0,743672
199,725	115,432	0,744182
199,825	115,493	0,744685
199,925	115,551	0,745179
200,025	115,599	0,745684
200,125	115,658	0,746172
200,225	115,736	0,746683
200,325	115,797	0,747185
200,425	115,86	0,747679
200,525	115,921	0,748184
200,625	116,011	0,748675
200,725	116,078	0,749183
200,825	116,145	0,749688
200,925	116,229	0,750179
201,025	116,294	0,750687
201,125	116,378	0,751178
201,225	116,413	0,751684
201,325	116,493	0,752189
201,425	116,575	0,752674
201,525	116,659	0,753185
201,625	116,708	0,753679
201,725	116,795	0,754181
201,825	116,842	0,754689
201,925	116,931	0,755177
202,025	117,015	0,755685
202,125	117,076	0,756179
202,225	117,141	0,756682
202,325	117,195	0,757192
202,425	117,273	0,757681
202,525	117,327	0,758186
202,625	117,372	0,758682
202,725	117,45	0,759179
202,825	117,503	0,759687
202,925	117,577	0,760178
203,025	117,642	0,76068
203,125	117,709	0,761177
203,225	117,781	0,761676
203,325	117,872	0,76219
203,425	117,931	0,762679
203,525	117,986	0,763175
203,625	118,048	0,763675
203,725	118,126	0,764171
203,825	118,212	0,764685
203,925	118,267	0,765181
204,025	118,334	0,765678
204,125	118,413	0,766181
204,225	118,495	0,766672
204,325	118,56	0,767182
204,425	118,641	0,767682
204,525	118,711	0,768176
204,625	118,763	0,768684
204,725	118,836	0,769175
204,825	118,889	0,769683
204,925	118,967	0,770185
205,025	119,047	0,770682
205,125	119,11	0,771184
205,225	119,175	0,771678
205,325	119,244	0,772186
205,425	119,309	0,772688
205,525	119,38	0,773179
205,625	119,442	0,77369
205,725	119,485	0,774178
205,825	119,57	0,774683
205,925	119,641	0,775186
206,025	119,689	0,775674
206,125	119,743	0,776188
206,225	119,811	0,776676
206,325	119,87	0,777178
206,425	119,929	0,777692
206,525	120,006	0,77818
206,625	120,043	0,778685
206,725	120,103	0,779179
206,825	120,128	0,779684
206,925	120,216	0,780195
207,025	120,264	0,78068
207,125	120,344	0,781183
207,225	120,42	0,781682
207,325	120,475	0,782179
207,425	120,537	0,782687
207,525	120,612	0,783175
207,625	120,65	0,783677
207,725	120,713	0,78418
207,825	120,761	0,784674
207,925	120,842	0,78519
208,025	120,889	0,785678
208,125	120,938	0,786178
208,225	120,997	0,786674
208,325	121,039	0,787166
208,425	121,12	0,787685
208,525	121,183	0,788181
208,625	121,24	0,788678
208,725	121,295	0,78918
208,825	121,377	0,789669
208,925	121,428	0,790185
209,025	121,484	0,790684
209,125	121,55	0,791181
209,225	121,601	0,791683
209,325	121,651	0,792172
209,425	121,729	0,792685
209,525	121,783	0,793185
209,625	121,832	0,793679
209,725	121,878	0,794187
209,825	121,948	0,794675
209,925	122,017	0,795186
210,025	122,058	0,795688
210,125	122,109	0,796182
210,225	122,188	0,79669
210,325	122,257	0,797181
210,425	122,308	0,797683
210,525	122,366	0,798188
210,625	122,441	0,798674
210,725	122,518	0,799185
210,825	122,591	0,799675
210,925	122,654	0,800181
211,025	122,736	0,800691
211,125	122,788	0,801177
211,225	122,846	0,801682
211,325	122,942	0,802179
211,425	123,002	0,802681
211,525	123,058	0,803192
211,625	123,124	0,803677
211,725	123,209	0,804182
211,825	123,27	0,804679
211,925	123,316	0,805176
212,025	123,406	0,805684
212,125	123,444	0,806175
212,225	123,495	0,806677
212,325	123,552	0,807179
212,425	123,601	0,807679
212,525	123,643	0,808187
212,625	123,685	0,808675
212,725	123,752	0,809174
212,825	123,806	0,809677
212,925	123,861	0,810168
213,025	123,919	0,810684
213,125	123,951	0,811178
213,225	124,032	0,811678
213,325	124,078	0,81218
213,425	124,125	0,812668
213,525	124,213	0,813187
213,625	124,24	0,813681
213,725	124,319	0,814175
213,825	124,373	0,814683
213,925	124,415	0,815171
214,025	124,496	0,815688
214,125	124,545	0,816182
214,225	124,589	0,816678
214,325	124,655	0,817186
214,425	124,716	0,817675
214,525	124,787	0,818185
214,625	124,858	0,818688
214,725	124,895	0,819179
214,825	124,957	0,819687
214,925	125,011	0,820178
215,025	125,058	0,820686
215,125	125,084	0,821185
215,225	125,139	0,821673
215,325	125,205	0,822187
215,425	125,247	0,822675
215,525	125,294	0,82318
215,625	125,382	0,823691
215,725	125,417	0,824176
215,825	125,434	0,824685
215,925	125,492	0,825181
216,025	125,56	0,825681
216,125	125,602	0,826194
216,225	125,636	0,82668
216,325	125,71	0,827182
216,425	125,775	0,827679
216,525	125,832	0,828175
216,625	125,873	0,828689
216,725	125,934	0,829177
216,825	125,986	0,829677
216,925	126,041	0,830179
217,025	126,104	0,830679
217,125	126,153	0,831189
217,225	126,193	0,83168
217,325	126,258	0,832177
217,425	126,32	0,832677
217,525	126,379	0,833165
217,625	126,441	0,833684
217,725	126,484	0,834181
217,825	126,534	0,834677
217,925	126,58	0,835183
218,025	126,667	0,835671
218,125	126,723	0,836184
218,225	126,788	0,836684
218,325	126,846	0,837178
218,425	126,911	0,837683
218,525	126,882	0,838174
218,625	126,951	0,838687
218,725	126,979	0,839181
218,825	126,968	0,839678
218,925	127,007	0,840186
219,025	127,042	0,840674
219,125	127,026	0,841185
219,225	127,019	0,841687
219,325	127,034	0,842181
219,425	127,029	0,842686
219,525	127,046	0,843177
219,625	127,08	0,843682
219,725	127,087	0,844185
219,825	127,104	0,844676
219,925	127,132	0,845187
220,025	127,18	0,845675
220,125	127,207	0,84618
220,225	127,235	0,846691
220,325	127,273	0,847176
220,425	127,32	0,847684
220,525	127,396	0,848178
220,625	127,412	0,84868
220,725	127,486	0,849194
220,825	127,502	0,849679
220,925	127,555	0,850182
221,025	127,609	0,850678
221,125	127,642	0,851181
221,225	127,698	0,851689
221,325	127,774	0,852177
221,425	127,818	0,852676
221,525	127,877	0,853176
221,625	127,911	0,853678
221,725	127,987	0,854192
221,825	128,052	0,854677
221,925	128,075	0,855174
222,025	128,122	0,855676
222,125	128,184	0,856167
222,225	128,228	0,856687
222,325	128,296	0,85718
222,425	128,356	0,85768
222,525	128,417	0,858182
222,625	128,432	0,858673
222,725	128,45	0,859187
222,825	128,455	0,859683
222,925	128,506	0,860183
223,025	128,541	0,860683
223,125	128,556	0,861171
223,225	128,602	0,861687
223,325	128,638	0,862184
223,425	128,673	0,862681
223,525	128,719	0,863183
223,625	128,755	0,863674
223,725	128,775	0,864182
223,825	128,824	0,864687
223,925	128,865	0,865184
224,025	128,894	0,865689
224,125	128,949	0,866177
224,225	128,983	0,866682
224,325	129,017	0,867185
224,425	129,046	0,867673
224,525	129,077	0,868186
224,625	129,125	0,86868
224,725	129,168	0,869183
224,825	129,209	0,869688
224,925	129,244	0,870176
225,025	129,3	0,870687
225,125	129,34	0,871181
225,225	129,362	0,871683
225,325	129,361	0,872194
225,425	129,194	0,872679
225,525	129,219	0,873184
225,625	129,24	0,873681
225,725	129,289	0,874178
225,825	129,313	0,874688
225,925	129,336	0,875174
226,025	129,407	0,875679
226,125	129,423	0,876181
226,225	129,385	0,876678
226,325	129,378	0,877186
226,425	129,312	0,877674
226,525	129,289	0,878179
226,625	129,278	0,878676
226,725	129,247	0,87917
226,825	129,258	0,879686
226,925	129,164	0,880177
227,025	129,07	0,88068
227,125	129,081	0,881182
227,225	129,094	0,881673
227,325	129,129	0,882187
227,425	128,998	0,882683
227,525	128,806	0,88318
227,625	128,664	0,88368
227,725	128,625	0,884171
227,825	128,652	0,884687
227,925	128,665	0,885186
228,025	128,7	0,88568
228,125	128,749	0,886186
228,225	128,768	0,886674
228,325	128,801	0,887187
228,425	128,873	0,887687
228,525	128,904	0,888181
228,625	128,945	0,888686
228,725	129,011	0,889177
228,825	129,024	0,889685
228,925	129,081	0,890187
229,025	129,141	0,890678
229,125	129,18	0,891186
229,225	129,223	0,89168
229,325	129,27	0,892182
229,425	129,323	0,89269
229,525	129,316	0,893179
229,625	129,277	0,893686
229,725	129,321	0,894178
229,825	129,362	0,894683
229,925	129,43	0,895191
230,025	129,456	0,895679
230,125	129,487	0,896181
230,225	129,542	0,896678
230,325	129,585	0,89718
230,425	129,63	0,897688
230,525	129,686	0,898174
230,625	129,745	0,898684
230,725	129,786	0,899181
230,825	129,826	0,899678
230,925	129,881	0,900188
231,025	129,914	0,900677
231,125	129,981	0,901179
231,225	130,018	0,901673
231,325	130,037	0,902173
231,425	130,084	0,902686
231,525	130,139	0,90318
231,625	130,183	0,903677
231,725	130,22	0,904182
231,825	130,28	0,904676
231,925	130,349	0,905186
232,025	130,319	0,905683
232,125	130,368	0,906182
232,225	130,401	0,906682
232,325	130,431	0,907173
232,425	130,499	0,90769
232,525	130,538	0,908186
232,625	130,579	0,90868
232,725	130,652	0,909182
232,825	130,707	0,909673
232,925	130,784	0,910187
233,025	130,828	0,910686
233,125	130,875	0,911183
233,225	130,931	0,911688
233,325	130,994	0,912179
233,425	131,076	0,912687
233,525	131,126	0,913184
233,625	131,165	0,913675
233,725	131,243	0,914186
233,825	131,304	0,914674
233,925	131,363	0,915185
234,025	131,408	0,91569
234,125	131,488	0,916173
234,225	131,545	0,916683
234,325	131,592	0,917177
234,425	131,633	0,917685
234,525	131,701	0,918193
234,625	131,703	0,918676
234,725	131,701	0,919184
234,825	131,759	0,91968
234,925	131,807	0,92018
235,025	131,85	0,920688
235,125	131,888	0,921176
235,225	131,917	0,921678
235,325	131,994	0,922178
235,425	132,014	0,922677
235,525	132,074	0,923191
235,625	132,141	0,923679
235,725	132,172	0,924179
235,825	132,233	0,924673
235,925	132,293	0,925169
236,025	132,356	0,925686
236,125	132,409	0,92618
236,225	132,458	0,926682
236,325	132,512	0,927181
236,425	132,579	0,92767
236,525	132,649	0,928186
236,625	132,706	0,928683
236,725	132,792	0,929177
236,825	132,839	0,929682
236,925	132,903	0,930173
237,025	132,985	0,930689
237,125	133,009	0,93118
237,225	133,069	0,931677
237,325	133,137	0,932182
237,425	133,185	0,932676
237,525	133,258	0,93319
237,625	133,295	0,933683
237,725	133,357	0,93418
237,825	133,414	0,934688
237,925	133,474	0,935176
238,025	133,517	0,935687
238,125	133,604	0,936184
238,225	133,637	0,936675
238,325	133,706	0,937185
238,425	133,762	0,937677
238,525	133,799	0,938185
238,625	133,86	0,93869
238,725	133,87	0,939178
238,825	133,914	0,939683
238,925	133,983	0,940177
239,025	134,028	0,940682
239,125	134,061	0,941193
239,225	134,143	0,941676
239,325	134,197	0,942186
239,425	134,215	0,942677
239,525	134,238	0,94318
239,625	134,299	0,94369
239,725	134,339	0,944173
239,825	134,389	0,944678
239,925	134,443	0,945178
240,025	134,506	0,945677
240,125	134,574	0,946191
240,225	134,632	0,946676
240,325	134,686	0,947176
240,425	134,747	0,947672
240,525	134,838	0,948172
240,625	134,895	0,948685
240,725	134,949	0,949179
240,825	135,023	0,949685
240,925	135,065	0,950181
241,025	135,126	0,950672
241,125	135,185	0,951186
241,225	135,251	0,95168
241,325	135,286	0,952179
241,425	135,326	0,952681
241,525	135,377	0,953173
241,625	135,216	0,953692
241,725	135,254	0,95418
241,825	135,266	0,954679
241,925	135,318	0,955182
242,025	135,36	0,955673
242,125	135,384	0,956189
242,225	135,445	0,956683
242,325	135,484	0,95718
242,425	135,531	0,957685
242,525	135,57	0,958176
242,625	135,625	0,958684
242,725	135,65	0,959183
242,825	135,671	0,959677
242,925	135,735	0,960188
243,025	135,781	0,960676
243,125	135,82	0,961187
243,225	135,87	0,961689
243,325	135,913	0,962178
243,425	135,953	0,962683
243,525	136,019	0,963177
243,625	136,067	0,963685
243,725	136,098	0,964193
243,825	136,14	0,964678
243,925	136,189	0,965183
244,025	136,248	0,965677
244,125	136,291	0,966179
244,225	136,34	0,96669
244,325	136,374	0,967173
244,425	136,444	0,967681
244,525	136,474	0,968177
244,625	136,528	0,96868
244,725	136,57	0,96919
244,825	136,639	0,969676
244,925	136,683	0,970178
245,025	136,63	0,970675
245,125	136,609	0,971172
245,225	136,665	0,971691
245,325	136,681	0,972176
245,425	136,703	0,972679
245,525	136,763	0,973178
245,625	136,778	0,973672
245,725	136,842	0,974186
245,825	136,883	0,974682
245,925	136,868	0,975182
246,025	136,909	0,975681
246,125	136,942	0,976172
246,225	136,991	0,976686
246,325	137,015	0,977183
246,425	137,07	0,977679
246,525	137,125	0,978184
246,625	137,189	0,978673
246,725	137,251	0,979189
246,825	137,299	0,979686
246,925	137,353	0,980185
247,025	137,407	0,980687
247,125	137,465	0,981179
247,225	137,491	0,981684
247,325	137,541	0,982186
247,425	137,612	0,982677
247,525	137,668	0,983188
247,625	137,704	0,983676
247,725	137,776	0,984187
247,825	137,819	0,984689
247,925	137,849	0,985177
248,025	137,892	0,985683
248,125	137,954	0,986176
248,225	138,01	0,986684
248,325	138,058	0,987189
248,425	138,108	0,987678
248,525	138,152	0,988183
248,625	138,181	0,988677
248,725	138,203	0,989179
248,825	138,259	0,989684
248,925	138,053	0,99017
249,025	138,025	0,990678
249,125	138,06	0,991177
249,225	138,099	0,991679
249,325	138,117	0,99219
249,425	138,16	0,992676
249,525	138,222	0,993175
249,625	138,247	0,993672
249,725	138,287	0,994169
249,825	138,333	0,994688
249,925	138,382	0,995176
250,025	138,443	0,995678
250,125	138,492	0,996181
250,225	138,537	0,996672
250,325	138,595	0,997188
250,425	138,634	0,997682
250,525	138,721	0,998181
250,625	138,782	0,998681
250,725	138,829	0,999172
250,825	138,919	0,999691
250,925	138,948	1,00018
251,025	139,032	1,00068
251,125	139,066	1,00118
251,225	139,127	1,00167
251,325	139,196	1,00219
251,425	139,265	1,00268
251,525	139,292	1,00318
251,625	139,34	1,00369
251,725	139,396	1,00418
251,825	139,471	1,00469
251,925	139,521	1,00518
252,025	139,55	1,00568
252,125	139,597	1,00619
252,225	139,656	1,00668
252,325	139,706	1,00718
252,425	139,76	1,00769
252,525	139,803	1,00817
252,625	139,844	1,00869
252,725	139,892	1,00918
252,825	139,929	1,00968
252,925	139,991	1,01019
253,025	140,021	1,01067
253,125	140,097	1,01119
253,225	140,132	1,01168
253,325	140,181	1,01218
253,425	140,212	1,01269
253,525	140,291	1,01318
253,625	140,336	1,01368
253,725	140,387	1,01418
253,825	140,424	1,01468
253,925	140,487	1,01519
254,025	140,527	1,01567
254,125	140,59	1,01618
254,225	140,645	1,01667
254,325	140,706	1,01717
254,425	140,78	1,01768
254,525	140,821	1,01818
254,625	140,888	1,01868
254,725	140,928	1,01917
254,825	140,999	1,01967
254,925	141,046	1,02019
255,025	141,07	1,02068
255,125	141,131	1,02118
255,225	141,166	1,02168
255,325	141,23	1,02217
255,425	141,289	1,02269
255,525	141,321	1,02318
255,625	141,37	1,02368
255,725	141,446	1,02418
255,825	141,486	1,02468
255,925	141,538	1,02519
256,025	141,607	1,02569
256,125	141,65	1,02618
256,225	141,71	1,02668
256,325	141,775	1,02718
256,425	141,809	1,02769
256,525	141,872	1,02818
256,625	141,896	1,02868
256,725	141,957	1,02918
256,825	142,004	1,02968
256,925	142,033	1,03019
257,025	141,855	1,03069
257,125	141,778	1,03118
257,225	141,778	1,03168
257,325	141,804	1,03218
257,425	141,83	1,03268
257,525	141,876	1,03319
257,625	141,904	1,03368
257,725	141,926	1,03418
257,825	141,974	1,03468
257,925	142,002	1,03518
258,025	142,053	1,03569
258,125	142,098	1,03617
258,225	142,137	1,03668
258,325	142,125	1,03718
258,425	142,065	1,03768
258,525	142,07	1,03819
258,625	142,091	1,03868
258,725	142,115	1,03917
258,825	142,118	1,03967
258,925	142,145	1,04017
259,025	142,164	1,04069
259,125	142,182	1,04118
259,225	142,214	1,04168
259,325	142,248	1,04218
259,425	142,284	1,04267
259,525	142,297	1,04318
259,625	142,32	1,04368
259,725	142,348	1,04418
259,825	142,387	1,04468
259,925	142,413	1,04517
260,025	142,483	1,04569
260,125	142,511	1,04618
260,225	142,548	1,04668
260,325	142,612	1,04718
260,425	142,626	1,04767
260,525	142,671	1,04819
260,625	142,701	1,04868
260,725	142,757	1,04918
260,825	142,792	1,04969
260,925	142,835	1,05018
261,025	142,877	1,05069
261,125	142,885	1,05119
261,225	142,947	1,05168
261,325	142,942	1,05219
261,425	143,021	1,05268
261,525	143,069	1,05319
261,625	143,02	1,05369
261,725	143,001	1,05418
261,825	143,012	1,05468
261,925	143,051	1,05518
262,025	143,088	1,05568
262,125	143,108	1,05619
262,225	143,148	1,05668
262,325	143,162	1,05718
262,425	143,208	1,05768
262,525	143,226	1,05818
262,625	143,267	1,05869
262,725	143,322	1,05917
262,825	143,339	1,05968
262,925	143,387	1,06018
263,025	143,429	1,06068
263,125	143,462	1,06119
263,225	143,504	1,06167
263,325	143,539	1,06218
263,425	143,575	1,06267
263,525	143,616	1,06317
263,625	143,675	1,06369
263,725	143,712	1,06418
263,825	143,757	1,06468
263,925	143,809	1,06518
264,025	143,837	1,06567
264,125	143,89	1,06619
264,225	143,895	1,06668
264,325	143,927	1,06718
264,425	143,974	1,06768
264,525	143,997	1,06817
264,625	144,029	1,06869
264,725	144,101	1,06918
264,825	144,132	1,06968
264,925	144,188	1,07018
265,025	144,223	1,07067
265,125	144,285	1,07119
265,225	144,332	1,07168
265,325	144,369	1,07218
265,425	144,429	1,07268
265,525	144,489	1,07318
265,625	144,538	1,07369
265,725	144,579	1,07418
265,825	144,645	1,07468
265,925	144,68	1,07518
266,025	144,725	1,07567
266,125	144,784	1,07619
266,225	144,82	1,07669
266,325	144,888	1,07718
266,425	144,951	1,07768
266,525	144,984	1,07818
266,625	145,056	1,07868
266,725	145,11	1,07919
266,825	145,145	1,07968
266,925	145,096	1,08018
267,025	145,088	1,08068
267,125	145,103	1,08118
267,225	145,15	1,08169
267,325	145,164	1,08217
267,425	145,141	1,08268
267,525	145,106	1,08318
267,625	145,049	1,08368
267,725	145,053	1,08419
267,825	145,092	1,08467
267,925	145,087	1,08518
268,025	145,127	1,08567
268,125	145,156	1,08617
268,225	145,196	1,08669
268,325	145,209	1,08718
268,425	145,247	1,08768
268,525	145,287	1,08818
268,625	145,315	1,08867
268,725	145,345	1,08919
268,825	145,382	1,08968
268,925	145,421	1,09018
269,025	145,455	1,09068
269,125	145,486	1,09117
269,225	145,498	1,09169
269,325	145,539	1,09218
269,425	145,604	1,09268
269,525	145,629	1,09318
269,625	145,63	1,09367
269,725	145,679	1,09419
269,825	145,716	1,09468
269,925	145,729	1,09518
270,025	145,612	1,09569
270,125	145,549	1,09618
270,225	145,578	1,09669
270,325	145,584	1,09718
270,425	145,605	1,09768
270,525	145,584	1,09818
270,625	145,592	1,09867
270,725	145,616	1,09919
270,825	145,622	1,09969
270,925	145,65	1,10018
271,025	145,664	1,10068
271,125	145,689	1,10118
271,225	145,702	1,10169
271,325	145,729	1,10219
271,425	145,745	1,10268
271,525	145,77	1,10318
271,625	145,785	1,10368
271,725	145,85	1,10418
271,825	145,878	1,10469
271,925	145,905	1,10517
272,025	145,955	1,10568
272,125	145,966	1,10618
272,225	146,002	1,10668
272,325	146,027	1,10719
272,425	146,052	1,10768
272,525	146,075	1,10818
272,625	146,026	1,10867
272,725	145,973	1,10917
272,825	145,907	1,10969
272,925	145,846	1,11018
273,025	145,847	1,11068
273,125	145,867	1,11118
273,225	145,896	1,11167
273,325	145,905	1,11219
273,425	145,921	1,11268
273,525	145,961	1,11318
273,625	145,97	1,11368
273,725	146,011	1,11417
273,825	146,035	1,11469
273,925	146,028	1,11518
274,025	146,042	1,11568
274,125	146,03	1,11618
274,225	146,049	1,11667
274,325	146,035	1,11719
274,425	146,055	1,11768
274,525	146,079	1,11818
274,625	146,088	1,11869
274,725	146,108	1,11918
274,825	146,081	1,11969
274,925	146,029	1,12018
275,025	146,012	1,12068
275,125	146,044	1,12118
275,225	146,069	1,12168
275,325	146,07	1,12219
275,425	146,114	1,12269
275,525	146,099	1,12318
275,625	146,13	1,12368
275,725	146,132	1,12417
275,825	146,136	1,12469
275,925	146,152	1,12519
276,025	146,179	1,12567
276,125	146,196	1,12618
276,225	146,216	1,12668
276,325	146,242	1,12718
276,425	146,262	1,12769
276,525	146,28	1,12817
276,625	146,308	1,12868
276,725	146,347	1,12918
276,825	146,39	1,12968
276,925	146,425	1,13019
277,025	146,456	1,13068
277,125	146,468	1,13118
277,225	146,501	1,13167
277,325	146,522	1,13217
277,425	146,577	1,13268
277,525	146,592	1,13318
277,625	146,629	1,13368
277,725	146,666	1,13418
277,825	146,685	1,13468
277,925	146,714	1,13519
278,025	146,71	1,13568
278,125	146,608	1,13618
278,225	146,605	1,13668
278,325	146,587	1,13717
278,425	146,603	1,13769
278,525	146,453	1,13818
278,625	146,4	1,13868
278,725	146,364	1,13918
278,825	146,33	1,13967
278,925	146,253	1,14019
279,025	146,217	1,14068
279,125	146,133	1,14118
279,225	146,1	1,14169
279,325	146,059	1,14218
279,425	146,042	1,14269
279,525	146,02	1,14318
279,625	146,036	1,14368
279,725	146,024	1,14418
279,825	146,023	1,14467
279,925	146,024	1,14519
280,025	146,027	1,14569
280,125	146,059	1,14618
280,225	146,073	1,14669
280,325	146,111	1,14717
280,425	146,115	1,14768
280,525	146,168	1,14818
280,625	146,188	1,14868
280,725	146,227	1,14918
280,825	146,24	1,14967
280,925	146,257	1,15018
281,025	146,287	1,15069
281,125	146,315	1,15117
281,225	146,342	1,15168
281,325	146,367	1,15218
281,425	146,399	1,15268
281,525	146,43	1,15319
281,625	146,45	1,15367
281,725	146,495	1,15418
281,825	146,546	1,15467
281,925	146,571	1,15517
282,025	146,639	1,15569
282,125	146,674	1,15618
282,225	146,719	1,15668
282,325	146,732	1,15718
282,425	146,796	1,15767
282,525	146,83	1,15819
282,625	146,89	1,15868
282,725	146,944	1,15918
282,825	146,997	1,15968
282,925	147,033	1,16017
283,025	147,068	1,16069
283,125	147,12	1,16118
283,225	147,18	1,16169
283,325	147,211	1,16218
283,425	147,256	1,16267
283,525	147,288	1,16319
283,625	147,32	1,16368
283,725	147,381	1,16418
283,825	147,426	1,16469
283,925	147,465	1,16518
284,025	147,485	1,16569
284,125	147,535	1,16618
284,225	147,584	1,16668
284,325	147,636	1,16719
284,425	147,671	1,16767
284,525	147,704	1,16819
284,625	147,75	1,16869
284,725	147,769	1,16918
284,825	147,823	1,16968
284,925	147,849	1,17018
285,025	147,897	1,17069
285,125	147,941	1,17119
285,225	147,963	1,17168
285,325	148,001	1,17218
285,425	148,039	1,17267
285,525	148,092	1,17318
285,625	148,126	1,17368
285,725	148,116	1,17417
285,825	148,057	1,17468
285,925	148,053	1,17517
286,025	148,087	1,17568
286,125	148,085	1,17619
286,225	148,118	1,17667
286,325	148,123	1,17718
286,425	148,178	1,17767
286,525	148,141	1,17817
286,625	148,169	1,17868
286,725	148,192	1,17917
286,825	148,226	1,17968
286,925	148,248	1,18018
287,025	148,21	1,18068
287,125	147,962	1,18119
287,225	147,927	1,18168
287,325	147,923	1,18218
287,425	147,916	1,18268
287,525	147,897	1,18318
287,625	147,901	1,18369
287,725	147,916	1,18418
287,825	147,928	1,18468
287,925	147,931	1,18518
288,025	147,96	1,18567
288,125	147,971	1,18619
288,225	147,983	1,18668
288,325	148,02	1,18719
288,425	148,033	1,18769
288,525	148,057	1,18818
288,625	148,075	1,18869
288,725	148,099	1,18918
288,825	148,104	1,18968
288,925	148,141	1,19018
289,025	148,146	1,19068
289,125	148,179	1,19119
289,225	148,207	1,19168
289,325	148,226	1,19218
289,425	148,241	1,19268
289,525	148,255	1,19318
289,625	148,224	1,19369
289,725	148,227	1,19419
289,825	148,227	1,19468
289,925	148,264	1,19518
290,025	148,268	1,19567
290,125	148,279	1,19618
290,225	148,285	1,19668
290,325	148,279	1,19717
290,425	148,284	1,19768
290,525	148,28	1,19817
290,625	148,293	1,19868
290,725	148,297	1,19919
290,825	148,286	1,19967
290,925	148,212	1,20018
291,025	148,184	1,20067
291,125	148,159	1,20117
291,225	148,162	1,20169
291,325	148,109	1,20218
291,425	148,095	1,20268
291,525	148,079	1,20318
291,625	148,066	1,20367
291,725	148,045	1,20419
291,825	148,058	1,20468
291,925	148,056	1,20518
292,025	148,053	1,20568
292,125	148,082	1,20618
292,225	148,083	1,20669
292,325	148,103	1,20718
292,425	148,106	1,20768
292,525	148,113	1,20818
292,625	148,127	1,20868
292,725	148,141	1,20919
292,825	148,152	1,20968
292,925	148,171	1,21018
293,025	148,191	1,21069
293,125	148,196	1,21118
293,225	148,2	1,21169
293,325	148,235	1,21218
293,425	148,245	1,21268
293,525	148,255	1,21319
293,625	148,295	1,21368
293,725	148,3	1,21419
293,825	148,301	1,21469
293,925	148,369	1,21518
294,025	148,373	1,21569
294,125	148,393	1,21618
294,225	148,429	1,21669
294,325	148,454	1,21719
294,425	148,438	1,21768
294,525	148,39	1,21818
294,625	148,38	1,21867
294,725	148,385	1,21918
294,825	148,398	1,21968
294,925	148,426	1,22017
295,025	148,428	1,22068
295,125	148,459	1,22118
295,225	148,478	1,22168
295,325	148,487	1,22218
295,425	148,48	1,22267
295,525	148,462	1,22318
295,625	148,488	1,22367
295,725	148,5	1,22417
295,825	148,483	1,22468
295,925	148,488	1,22518
296,025	148,516	1,22568
296,125	148,516	1,22618
296,225	148,501	1,22667
296,325	148,486	1,22719
296,425	148,464	1,22768
296,525	148,471	1,22818
296,625	148,476	1,22868
296,725	148,497	1,22918
296,825	148,367	1,22969
296,925	148,314	1,23018
297,025	148,276	1,23068
297,125	148,273	1,23118
297,225	148,218	1,23168
297,325	148,204	1,23219
297,425	148,183	1,23268
297,525	148,132	1,23319
297,625	147,971	1,23368
297,725	147,938	1,23418
297,825	147,883	1,23469
297,925	147,879	1,23518
298,025	147,787	1,23568
298,125	147,734	1,23618
298,225	147,727	1,23668
298,325	147,715	1,23719
298,425	147,586	1,23769
298,525	147,383	1,23818
298,625	147,224	1,23868
298,725	147,063	1,23917
298,825	147,004	1,23969
298,925	146,97	1,24019
299,025	146,922	1,24068
299,125	146,916	1,24118
299,225	146,888	1,24167
299,325	146,839	1,24218
299,425	146,79	1,24269
299,525	146,797	1,24317
299,625	146,782	1,24368
299,725	146,737	1,24418
299,825	146,743	1,24468
299,925	146,73	1,24518
300,025	146,743	1,24568
300,125	146,753	1,24618
300,225	146,79	1,24667
300,325	146,804	1,24718
300,425	146,739	1,24768
300,525	146,693	1,24818
300,625	146,704	1,24868
300,725	146,675	1,24917
300,825	146,66	1,24967
300,925	146,693	1,25019
301,025	146,657	1,25068
301,125	146,634	1,25118
301,225	146,597	1,25168
301,325	146,566	1,25217
301,425	146,553	1,25269
301,525	146,542	1,25318
301,625	146,527	1,25368
301,725	146,502	1,25418
301,825	146,502	1,25467
301,925	146,538	1,25519
302,025	146,557	1,25568
302,125	146,556	1,25618
302,225	146,557	1,25668
302,325	146,581	1,25718
302,425	146,601	1,25769
302,525	146,59	1,25818
302,625	146,603	1,25868
302,725	146,623	1,25918
302,825	146,628	1,25968
302,925	146,628	1,26019
303,025	146,669	1,26068
303,125	146,663	1,26118
303,225	146,682	1,26168
303,325	146,686	1,26218
303,425	146,718	1,26269
303,525	146,746	1,26319
303,625	146,747	1,26368
303,725	146,732	1,26418
303,825	146,685	1,26467
303,925	146,65	1,26519
304,025	146,62	1,26568
304,125	146,604	1,26617
304,225	146,622	1,26668
304,325	146,623	1,26717
304,425	146,616	1,26768
304,525	146,608	1,26819
304,625	146,595	1,26868
304,725	146,574	1,26918
304,825	146,573	1,26967
304,925	146,591	1,27017
305,025	146,557	1,27069
305,125	146,521	1,27118
305,225	146,503	1,27168
305,325	146,51	1,27217
305,425	146,53	1,27268
305,525	146,508	1,27319
305,625	146,385	1,27368
305,725	146,322	1,27418
305,825	146,271	1,27468
305,925	146,243	1,27517
306,025	146,225	1,27569
306,125	146,139	1,27618
306,225	146,102	1,27668
306,325	146,055	1,27718
306,425	145,998	1,27767
306,525	145,966	1,27819
306,625	145,969	1,27868
306,725	145,958	1,27918
306,825	145,915	1,27968
306,925	145,915	1,28018
307,025	145,899	1,28069
307,125	145,869	1,28118
307,225	145,861	1,28168
307,325	145,814	1,28219
307,425	145,809	1,28268
307,525	145,784	1,28319
307,625	145,756	1,28369
307,725	145,758	1,28418
307,825	145,735	1,28468
307,925	145,731	1,28518
308,025	145,644	1,28569
308,125	145,51	1,28618
308,225	145,144	1,28668
308,325	144,904	1,28719
308,425	144,795	1,28767
308,525	144,627	1,28818
308,625	144,55	1,28868
308,725	144,437	1,28917
308,825	144,374	1,28968
308,925	144,29	1,29017
309,025	144,247	1,29068
309,125	144,187	1,29119
309,225	144,135	1,29167
309,325	144,102	1,29218
309,425	144,061	1,29267
309,525	144,03	1,29318
309,625	144,003	1,29369
309,725	143,989	1,29418
309,825	143,958	1,29468
309,925	143,924	1,29518
310,025	143,84	1,29567
310,125	143,595	1,29619
310,225	143,502	1,29668
310,325	143,458	1,29718
310,425	143,434	1,29768
310,525	143,402	1,29817
310,625	143,391	1,29869
310,725	143,4	1,29918
310,825	143,396	1,29968
310,925	143,376	1,30018
311,025	143,391	1,30067
311,125	143,377	1,30119
311,225	143,215	1,30168
311,325	143,186	1,30218
311,425	143,18	1,30268
311,525	143,151	1,30318
311,625	143,144	1,30369
311,725	143,139	1,30418
311,825	143,146	1,30468
311,925	143,14	1,30518
312,025	143,158	1,30568
312,125	143,162	1,30619
312,225	143,142	1,30668
312,325	143,159	1,30718
312,425	143,185	1,30768
312,525	143,181	1,30818
312,625	143,202	1,30869
312,725	143,202	1,30919
312,825	143,213	1,30968
312,925	143,224	1,31018
313,025	143,241	1,31068
313,125	143,257	1,31118
313,225	143,278	1,31168
313,325	143,307	1,31218
313,425	143,324	1,31269
313,525	143,359	1,31317
313,625	143,389	1,31368
313,725	143,432	1,31419
313,825	143,449	1,31467
313,925	143,494	1,31518
314,025	143,496	1,31567
314,125	143,512	1,31618
314,225	143,568	1,31669
314,325	143,593	1,31717
314,425	143,618	1,31768
314,525	143,669	1,31818
314,625	143,709	1,31867
314,725	143,729	1,31919
314,825	143,733	1,31968
314,925	143,768	1,32018
315,025	143,778	1,32068
315,125	143,799	1,32118
315,225	143,846	1,32169
315,325	143,853	1,32218
315,425	143,899	1,32268
315,525	143,924	1,32318
315,625	143,954	1,32368
315,725	143,99	1,3242
315,825	144,04	1,32468
315,925	144,07	1,32518
316,025	144,092	1,32568
316,125	144,108	1,32618
316,225	144,155	1,32669
316,325	144,202	1,32718
316,425	144,233	1,32768
316,525	144,27	1,32818
316,625	144,281	1,32868
316,725	144,257	1,32919
316,825	144,293	1,32968
316,925	144,304	1,33018
317,025	144,307	1,33068
317,125	144,337	1,33118
317,225	144,365	1,33169
317,325	144,35	1,33219
317,425	144,334	1,33268
317,525	144,325	1,33318
317,625	144,352	1,33367
317,725	144,353	1,33419
317,825	144,385	1,33469
317,925	144,409	1,33517
318,025	144,415	1,33568
318,125	144,4	1,33617
318,225	144,408	1,33668
318,325	144,437	1,33719
318,425	144,458	1,33767
318,525	144,471	1,33818
318,625	144,503	1,33867
318,725	144,525	1,33918
318,825	144,558	1,33969
318,925	144,508	1,34018
319,025	144,519	1,34069
319,125	144,506	1,34118
319,225	144,524	1,34168
319,325	144,532	1,34219
319,425	144,534	1,34268
319,525	144,534	1,34318
319,625	144,548	1,34368
319,725	144,555	1,34418
319,825	144,585	1,34469
319,925	144,599	1,34518
320,025	144,604	1,34569
320,125	144,635	1,34618
320,225	144,644	1,34668
320,325	144,632	1,34719
320,425	144,642	1,34768
320,525	144,609	1,34819
320,625	144,572	1,34869
320,725	144,571	1,34918
320,825	144,573	1,34969
320,925	144,549	1,35018
321,025	144,469	1,35068
321,125	144,449	1,35119
321,225	144,341	1,35168
321,325	144,306	1,35219
321,425	144,245	1,35268
321,525	144,189	1,35318
321,625	144,173	1,35368
321,725	144,156	1,35418
321,825	144,126	1,35469
321,925	144,136	1,35518
322,025	143,998	1,35568
322,125	143,726	1,35618
322,225	143,655	1,35668
322,325	143,593	1,35719
322,425	143,54	1,35768
322,525	143,546	1,35817
322,625	143,511	1,35868
322,725	143,486	1,35917
322,825	143,457	1,35969
322,925	143,412	1,36019
323,025	143,425	1,36067
323,125	143,401	1,36118
323,225	143,39	1,36167
323,325	143,373	1,36218
323,425	143,396	1,36269
323,525	143,4	1,36317
323,625	143,411	1,36369
323,725	143,375	1,36417
323,825	143,328	1,36468
323,925	143,309	1,36519
324,025	143,277	1,36568
324,125	143,286	1,36618
324,225	143,316	1,36668
324,325	143,298	1,36718
324,425	143,309	1,36769
324,525	143,344	1,36818
324,625	143,319	1,36868
324,725	143,335	1,36918
324,825	143,343	1,36968
324,925	143,385	1,37019
325,025	143,381	1,37068
325,125	143,407	1,37118
325,225	143,417	1,37168
325,325	143,442	1,37218
325,425	143,468	1,37269
325,525	143,482	1,37318
325,625	143,513	1,37368
325,725	143,547	1,37418
325,825	143,549	1,37468
325,925	143,546	1,37519
326,025	143,6	1,37568
326,125	143,622	1,37618
326,225	143,649	1,37668
326,325	143,669	1,37718
326,425	143,681	1,37769
326,525	143,698	1,37819
326,625	143,702	1,37868
326,725	143,724	1,37919
326,825	143,741	1,37967
326,925	143,746	1,38019
327,025	143,77	1,38069
327,125	143,784	1,38118
327,225	143,77	1,38168
327,325	143,767	1,38218
327,425	143,743	1,38268
327,525	143,737	1,38319
327,625	143,726	1,38367
327,725	143,708	1,38418
327,825	143,72	1,38467
327,925	143,74	1,38518
328,025	143,74	1,38569
328,125	143,761	1,38617
328,225	143,75	1,38668
328,325	143,744	1,38717
328,425	143,76	1,38768
328,525	143,736	1,38819
328,625	143,735	1,38868
328,725	143,731	1,38918
328,825	143,735	1,38968
328,925	143,733	1,39018
329,025	143,754	1,39069
329,125	143,76	1,39118
329,225	143,754	1,39168
329,325	143,768	1,39218
329,425	143,769	1,39268
329,525	143,752	1,39319
329,625	143,766	1,39368
329,725	143,786	1,39419
329,825	143,782	1,39468
329,925	143,813	1,39518
330,025	143,824	1,39569
330,125	143,824	1,39618
330,225	143,795	1,39668
330,325	143,754	1,39718
330,425	143,675	1,39768
330,525	143,595	1,39819
330,625	143,587	1,39868
330,725	143,573	1,39918
330,825	143,542	1,39968
330,925	143,486	1,40018
331,025	143,447	1,40069
331,125	143,4	1,40118
331,225	143,408	1,40168
331,325	143,373	1,40219
331,425	143,225	1,40267
331,525	143,034	1,40319
331,625	142,807	1,40369
331,725	142,7	1,40418
331,825	142,565	1,40468
331,925	142,372	1,40518
332,025	141,964	1,40569
332,125	141,14	1,40619
332,225	140,466	1,40667
332,325	139,916	1,40718
332,425	139,208	1,40767
332,475	138,179	1,40792
332,505	136,655	1,40807
332,525	135,421	1,40817
332,545	134,054	1,40828
332,565	132,784	1,40839
332,595	131,399	1,40854
332,625	130,353	1,40869
332,665	129,304	1,40888
332,735	128,209	1,40923
332,835	127,218	1,40973
332,935	126,602	1,41022
333,035	126,276	1,41073
333,135	126,023	1,41124
333,235	125,773	1,41173
333,335	125,51	1,41223
333,435	125,276	1,41273
333,535	125,035	1,41323
333,635	124,82	1,41374
333,735	124,708	1,41423
333,835	124,622	1,41474
333,935	124,551	1,41523
334,035	124,532	1,41573
334,135	124,48	1,41624
334,235	124,472	1,41673
334,335	124,434	1,41724
334,435	124,44	1,41773
334,535	124,458	1,41823
334,635	124,46	1,41874
334,735	124,447	1,41923
334,835	124,44	1,41974
334,935	124,433	1,42023
335,035	124,427	1,42073
335,135	124,432	1,42124
335,235	124,44	1,42173
335,335	124,446	1,42223
335,435	124,438	1,42273
335,535	124,458	1,42323
335,635	124,486	1,42374
335,735	124,517	1,42423
335,835	124,517	1,42473
335,935	124,533	1,42523
336,035	124,561	1,42572
336,135	124,564	1,42624
336,235	124,568	1,42673
336,335	124,624	1,42722
336,435	124,615	1,42773
336,535	124,628	1,42822
336,635	124,666	1,42874
336,735	124,672	1,42923
336,835	124,705	1,42972
336,935	124,711	1,43023
337,035	124,722	1,43072
337,135	124,749	1,43123
337,235	124,747	1,43173
337,335	124,777	1,43222
337,435	124,817	1,43273
337,535	124,812	1,43322
337,635	124,852	1,43373
337,735	124,853	1,43424
337,835	124,865	1,43473
337,935	124,879	1,43523
338,035	124,915	1,43572
338,135	124,904	1,43623
338,235	124,901	1,43674
338,335	124,943	1,43723
338,435	124,933	1,43774
338,535	124,969	1,43823
338,635	124,999	1,43873
338,735	125,004	1,43924
338,835	125,016	1,43973
338,935	124,991	1,44024
339,035	124,924	1,44073
339,135	124,874	1,44123
339,235	124,806	1,44174
339,335	124,541	1,44223
339,435	124,211	1,44273
339,535	123,944	1,44323
339,635	123,74	1,44372
339,735	123,586	1,44424
339,835	123,398	1,44473
339,935	123,309	1,44523
340,035	123,242	1,44573
340,135	123,125	1,44623
340,235	123,048	1,44674
340,335	122,928	1,44723
340,435	122,848	1,44773
340,535	122,742	1,44823
340,635	122,638	1,44873
340,735	122,531	1,44924
340,835	122,461	1,44973
340,935	122,305	1,45023
341,035	122,185	1,45074
341,135	121,979	1,45123
341,235	121,84	1,45174
341,335	121,66	1,45224
341,435	121,488	1,45273
341,535	121,342	1,45323
341,635	121,234	1,45372
341,735	121,147	1,45423
341,835	121,025	1,45474
341,935	120,844	1,45523
342,035	120,611	1,45573
342,135	120,43	1,45622
342,235	120,044	1,45673
342,335	119,791	1,45724
342,435	119,46	1,45773
342,535	113,746	1,45823
